   2.0000000e+00   2.7546951e-01   7.0469856e-01  -2.5094260e-01  -1.4079837e+00  -1.3767800e+00   5.5259337e-01  -1.2594769e+00  -1.1807908e+00  -1.3020575e+00  -1.3963165e-01
   2.0000000e+00   1.2937191e+00   8.3286966e-01  -1.0635272e+00  -2.1735482e-01  -4.8062640e-01  -9.6270755e-01   1.2405575e+00  -2.6891299e+00   4.1583269e-01   9.9604133e-01
   1.0000000e+00   1.7239934e-01  -6.1145635e-01  -2.1712692e-01   9.8892432e-01   8.8102415e-01   4.0903287e-01   4.8622155e-01  -1.6420748e-01  -2.7890717e-01  -4.7533322e-02
   2.0000000e+00   1.1688098e+00  -1.7019113e+00   1.2475488e+00  -6.2369222e-01  -3.3080624e-01  -6.1092652e-01  -1.9269530e-01   7.0313283e-01   4.8952464e-01   1.3822294e+00
   2.0000000e+00  -1.0094842e+00  -1.3976417e+00   1.8119842e+00   1.2066747e+00   1.8153658e-01  -1.6918848e+00   5.0378398e-01  -3.9755731e-01   4.8051955e-01   1.0749784e+00
   2.0000000e+00  -7.0480286e-01   7.2158564e-01  -1.1372074e+00   1.4837349e-01   1.1562262e+00  -6.1739591e-01  -7.3212598e-01   7.1076513e-01  -1.6612631e+00   1.2682004e+00
   2.0000000e+00   3.3867491e-01   1.0347185e-01  -3.1891318e-01   1.8285593e-01  -4.8657015e-01  -1.2935227e+00  -1.4322012e+00  -6.5168935e-01  -1.3562946e+00  -6.9956285e-02
   2.0000000e+00   1.0658763e+00  -8.2940904e-01   1.3321963e+00  -3.1791946e-02  -3.4929160e-02  -9.0144799e-01  -6.1228882e-01  -2.1879742e+00  -4.9482007e-01   1.3984248e+00
   2.0000000e+00   4.7935648e-01  -4.3659448e-01   7.8992740e-01  -1.6978174e+00   9.5067427e-01  -8.0625976e-01  -8.6368280e-01  -1.6205463e+00   5.1823922e-01   1.4047942e+00
   2.0000000e+00   9.0789174e-01   1.1141780e+00   1.1893364e+00   1.5197193e+00   1.3679511e+00  -2.3872724e+00  -7.2691652e-01   1.2248286e+00  -7.4135406e-01   4.0255962e-01
   2.0000000e+00   2.3504767e-01  -1.9456882e+00  -1.5033843e+00   2.2025681e+00   1.2614766e+00  -1.2520757e+00  -7.9355794e-01   1.4845726e+00  -6.2117763e-01  -1.6194415e-01
   2.0000000e+00   1.3797861e-01   1.9297107e-01   1.5766083e-01  -2.8037692e-02   6.7909086e-03  -6.4479182e-01   8.5630338e-01   5.7878808e-01  -9.4275650e-01   7.1550818e-01
   1.0000000e+00   2.1418541e+00  -2.8020864e-01  -1.5027871e-01   2.8833413e-01  -8.1346210e-01   5.4195398e-01   6.2602326e-01  -2.8992319e-01   1.6636597e-01  -1.1589152e+00
   1.0000000e+00  -2.9725574e-01  -8.7650633e-02  -7.1978402e-01  -4.8985139e-01   1.6887470e+00   6.2736443e-01  -1.0896312e-01   9.0793033e-01  -2.4616017e-02   8.7798711e-01
   2.0000000e+00  -4.7712229e-01   1.1797282e-01   6.4436080e-01  -8.6970149e-01  -3.2306492e-01  -4.4431359e-01   1.6758871e+00   9.5100243e-01  -9.1572693e-01   1.0830446e+00
   2.0000000e+00   9.5716895e-01  -6.4681686e-01   9.3231851e-01  -1.5874382e+00  -4.7314177e-01  -5.1046350e-01   1.0605847e+00   4.0370309e-01  -9.9869412e-01   1.4098135e-01
   2.0000000e+00   1.5528688e+00  -4.2224765e-01  -1.1542852e+00   2.1939618e-01  -4.4340809e-01  -2.6976023e-01  -8.7355970e-01   1.8892468e+00   6.7322274e-01  -1.0262853e-01
   1.0000000e+00  -1.0981768e+00  -2.4647591e-01   4.8385125e-01  -8.8718555e-01   1.0409461e+00   7.9306301e-01   5.9894834e-01  -8.2644748e-01   1.9082999e-01   1.7342384e-01
   2.0000000e+00   2.2107823e+00  -5.8279822e-01  -1.5834878e+00   5.2282047e-02   1.7648495e+00  -5.5100596e-01  -9.6972729e-01  -1.0892941e+00  -3.9920057e-02  -1.8787601e-01
   2.0000000e+00  -1.5140798e+00   4.9332020e-01   8.0566287e-01  -1.5950773e+00   4.9258963e-01  -2.1869358e+00  -2.5761530e-01   1.4297302e+00   5.6481130e-01  -9.5386828e-02
   1.0000000e+00  -5.6605733e-01   1.4771378e-01   1.6040484e+00   9.2885610e-01  -7.2919479e-02   8.8532449e-02   4.7501400e-01   2.6723901e+00  -5.2852956e-01   1.4473989e+00
   2.0000000e+00   1.0623194e+00  -2.0979978e+00   9.7459083e-01   1.0165304e+00  -9.1862186e-01  -1.9625425e+00  -1.3404486e+00   9.4513914e-01   5.3149904e-01  -4.9540278e-01
   2.0000000e+00  -5.7299237e-01  -1.9206042e-01   3.3395476e-01   1.0142991e+00   1.3091942e+00  -5.7537495e-01   1.4394517e-01   2.3912675e-01   7.8076744e-01  -1.3141847e+00
   1.0000000e+00  -4.7983361e-01   8.0689209e-01   9.2858514e-02   9.7287801e-01  -8.8306967e-02   7.9738503e-01   8.7899530e-01  -3.0005505e-01   4.0405064e-01   4.0270458e-01
   2.0000000e+00   4.5244052e-01   1.3438911e-01   1.0569937e+00   6.9542663e-01   3.4004439e-01  -5.5695835e-01  -2.4783866e-01   9.3563303e-01  -1.0976199e-01  -4.1916698e-02
   2.0000000e+00   1.3835829e+00  -1.4101664e+00   1.1069098e+00  -3.9378656e-01   4.1472460e-01   1.0206412e+00   1.8123271e-01   1.1869888e+00  -1.3280618e+00   4.6838425e-01
   2.0000000e+00   1.1292167e+00  -4.7472975e-01   5.3788874e-02   2.5403393e+00   1.5298371e+00   1.2340439e+00   1.2418470e+00   1.1542739e+00   1.9436798e-01   1.2767986e+00
   2.0000000e+00  -2.9279910e-01  -1.1215198e+00  -5.7200806e-01   1.3616122e+00   1.3718990e-02  -7.6660998e-01  -4.6091883e-01   7.0837319e-01  -2.7391364e+00   4.8825933e-01
   2.0000000e+00  -8.8997875e-01  -8.7405173e-01  -1.0412710e+00   3.4268956e-01   6.3984995e-01   8.3684208e-01  -1.0824325e+00   3.2308739e-01   4.7571504e-01   4.1691488e-01
   2.0000000e+00  -5.8902284e-01  -6.1719408e-01   6.6334926e-01   9.6129170e-01   2.1861016e+00  -7.3362316e-01  -4.7032443e-01  -1.0524392e-01   2.6520617e-01  -7.3724615e-01
   2.0000000e+00   2.0631636e+00   2.7766131e-01   1.9195340e+00  -1.1408397e+00  -1.8978644e+00  -6.7759978e-01   1.2930101e+00   4.1086796e-01  -6.4333125e-01   6.8698573e-01
   1.0000000e+00  -1.7656103e+00   2.2846171e+00  -9.6285015e-01  -1.9255555e+00   1.9757749e-01   1.7904743e-01   1.4386792e+00  -1.0088389e+00  -7.5509248e-01   5.4735906e-01
   2.0000000e+00  -1.8739334e+00  -1.0715307e+00   2.8831031e-01  -9.2320008e-01   8.7131462e-01  -1.1072244e+00   2.3733273e-01  -9.3832975e-01  -7.2149402e-01   6.9650919e-03
   1.0000000e+00  -1.0793380e-01  -1.0019961e+00  -2.1893544e+00   3.2465311e-01   9.9014714e-01   3.0906316e-01   3.2034678e-01   4.8277209e-01   2.0049728e-02   2.0023892e-01
   2.0000000e+00  -5.2537152e-01  -4.9579522e-02   3.4860838e-01  -2.3536645e+00  -3.7253179e-01  -1.5207220e+00   6.8363163e-01  -1.3842217e+00  -1.2893949e+00  -2.0087766e-01
   2.0000000e+00  -1.0582210e+00   2.4656666e-02  -2.7494476e-01   2.1491676e+00   2.3926291e+00  -1.2095010e+00   1.3938024e+00   1.5546412e+00   1.2958987e-01   7.6897030e-01
   2.0000000e+00  -4.6918738e-01   1.3410230e+00   9.8905168e-02  -1.5046401e+00  -6.4469814e-01  -9.5426305e-01  -8.7630042e-02  -1.2956643e-01   4.9818216e-02   6.0350289e-01
   2.0000000e+00   5.2044999e-01   5.7177797e-01  -1.2934272e+00   1.3044573e+00   2.4426284e-01  -6.4762719e-01   1.1949263e+00  -1.1610955e+00   5.3459230e-01   9.3443665e-01
   2.0000000e+00   1.6702066e-01   1.4932835e+00   9.7353639e-01   1.6009455e+00   1.3140940e+00  -3.4394101e-02   2.1151566e+00   3.6917902e-01   1.8896050e-01   5.7365121e-01
   2.0000000e+00   2.4212708e+00   1.5917744e+00  -1.5046867e+00  -5.3705086e-02   1.3813581e+00   5.9925862e-02  -8.8006579e-01   2.6869788e-01   1.0558558e+00   7.0599036e-01
   2.0000000e+00  -1.1869352e-01  -7.5045711e-01   1.1072088e+00   9.2748655e-02   1.3544861e+00  -8.8425032e-01   1.6711978e+00  -1.8469611e+00  -2.0317598e-01  -2.3746571e-01
   2.0000000e+00  -1.8172925e-01  -4.1387589e-01  -1.0381182e+00   3.7329600e-01  -9.7886358e-01  -6.1791286e-01   5.4092009e-01   2.0871458e+00   1.9829938e-02   1.3249666e+00
   2.0000000e+00  -2.7360121e-01   1.0972728e+00   7.3057685e-01   6.6988604e-01   1.0397430e+00  -2.1056877e-01   4.2647432e-01  -2.6868177e-01  -3.6520479e-01  -2.4803862e-01
   1.0000000e+00  -1.9721777e-01  -1.3010119e+00  -1.5471337e+00   1.5594450e-01  -1.0960145e+00   7.0510711e-01  -9.7848895e-01   3.1242832e-01  -1.4092089e-01  -6.9603547e-01
   2.0000000e+00  -8.5732671e-01  -5.3249334e-01   1.1061844e+00  -1.1988761e+00  -7.0482897e-01  -2.7026026e-01  -1.0323790e+00   1.3263101e-01   6.8390916e-01   1.6475727e+00
   2.0000000e+00   1.7177898e+00  -9.0753359e-01   4.2120219e-01   8.9013233e-01   1.4096975e+00  -2.1245109e+00  -2.4467948e+00  -5.1076508e-02  -5.4898357e-01   7.6312535e-01
   1.0000000e+00   1.2702325e-01  -1.3042601e+00   4.8039908e-01  -1.1915895e+00   8.5781110e-01   5.3486968e-02  -7.9838087e-01   1.2013883e+00  -1.0260579e-01   8.8697728e-01
   2.0000000e+00   2.9208528e-01  -1.5963337e+00   6.3305927e-01  -2.3411412e-02  -1.8516541e+00  -1.5372584e+00   1.6396379e+00   6.6441625e-01   9.5948208e-01  -1.2285687e+00
   2.0000000e+00   1.0920257e+00   1.3930191e+00  -3.5194848e-01   8.9544497e-01   3.1568284e-01  -2.8502495e-02   6.0948805e-01  -1.2127102e+00   2.5127450e-02   4.7330840e-01
   2.0000000e+00  -3.8812370e-01  -2.7764622e+00   2.2439530e-01   5.0521191e-01  -4.4266101e-01   2.5359364e+00   1.5849304e-02   1.2053241e+00  -1.5805456e+00   4.7016571e-01
   2.0000000e+00   4.4119652e-01   1.6065463e+00   1.5841486e-01  -4.9601112e-01   1.1281278e-01   1.1104761e+00  -7.6098878e-01  -3.1260831e-01   2.9459279e-01  -1.6313143e-01
   2.0000000e+00   1.8567916e+00   1.1084435e+00  -5.8585526e-01  -1.9543668e-01  -5.5134140e-01   8.8114308e-01   5.0281418e-01   5.7007343e-01  -1.7818870e+00  -3.0144366e+00
   2.0000000e+00  -9.1590719e-02   1.5435110e+00   8.2949610e-02  -2.1233763e-01   1.3650495e+00  -1.3883927e+00   7.1168896e-01  -4.3202100e-01  -1.4903719e-01  -8.9363447e-01
   2.0000000e+00  -2.6771806e+00   8.4211338e-01  -7.8067511e-01   2.4293221e-01   1.5970112e+00  -8.2034651e-01  -5.7902002e-01   1.4154165e+00   1.7240242e+00   2.0551440e-01
   2.0000000e+00  -6.4882689e-01   7.1606692e-01  -1.0780793e+00   3.0703827e-01  -3.0106198e-01   6.9573189e-01  -4.8035069e-01   1.4061755e-01   2.2947428e+00   1.3219665e+00
   2.0000000e+00  -8.8753044e-01  -2.7744497e-02   1.5401700e-01  -1.1139884e-01  -1.7202125e+00   1.6480327e+00  -1.4696911e-01   9.2479415e-01   9.1240288e-01  -7.3774183e-01
   2.0000000e+00   1.0951346e+00   1.6198290e+00   1.5384077e+00   1.6393255e-01  -1.1791861e-01  -7.2055542e-01   3.3506346e-01  -7.5850673e-01  -5.7737543e-01  -6.5559559e-01
   2.0000000e+00   4.2072903e-01  -2.7131688e-01  -6.4076590e-01  -2.5255458e+00   4.0138088e-01   6.7032902e-01  -1.1609097e-01   5.6294267e-01  -8.0568261e-01  -5.9464781e-02
   1.0000000e+00  -1.4031990e+00  -2.3276937e+00  -1.4869800e+00   1.3340793e+00   2.7126537e+00   2.3060336e-01   3.1911172e-01   2.0907878e+00  -8.2330577e-01  -7.3900655e-01
   2.0000000e+00   7.6457858e-01  -2.3659154e+00  -4.7711316e-01  -1.7020891e-01   1.1192114e+00  -1.4457020e+00   9.9854912e-01  -6.5987202e-01   1.3316864e+00   5.3069162e-01
   2.0000000e+00  -4.5314524e-01  -6.5001333e-01   3.2601574e-01  -1.1100662e+00  -2.3261597e+00  -1.8922201e+00  -1.2815209e-01   9.8138721e-01  -6.5133036e-01  -1.3272565e+00
   2.0000000e+00   5.4582202e-01   5.1696459e-01   5.6996262e-01   1.0108658e+00   1.0893263e+00  -1.5101035e+00   4.5704254e-01  -8.6206866e-01  -9.9978910e-02  -1.6506459e-01
   2.0000000e+00  -6.1993085e-01  -1.7542939e+00  -1.3384085e+00  -3.0012149e-01   5.2670048e-01   4.2290647e-01   3.8934084e-01  -6.0438745e-01   2.3641457e+00   2.8161618e-01
   1.0000000e+00   2.7141940e+00  -3.2789042e-01  -2.3132192e+00   1.4227954e+00   1.2905233e+00   6.9326843e-01  -9.7168356e-03   4.5145539e-03   1.6207850e-02   2.3299243e-01
   2.0000000e+00   4.9996678e-01  -6.4781925e-01   1.1568250e+00  -2.2162764e-01  -1.0554591e+00   1.8953191e+00  -9.1266191e-01  -1.6139500e+00   4.5916786e-01  -8.0065847e-01
   2.0000000e+00  -4.6635793e-02  -2.3746735e-01  -1.2932678e+00  -1.8628550e-02   1.2030126e+00  -1.8658393e+00  -3.5450856e+00  -1.6484595e+00   2.6378814e-01  -1.6550039e+00
   2.0000000e+00   2.0718868e+00   8.2676688e-01  -1.8621984e+00   9.6090546e-01   8.3922966e-01  -5.0037838e-01   8.1008927e-01  -7.7090924e-02  -2.8758571e-01   4.7721845e-01
   2.0000000e+00   4.0985409e-01  -7.8873272e-01   2.5347792e-01  -3.2595814e-01  -9.9534975e-01  -1.0795837e-01   2.8023104e-01  -1.5946393e+00   2.1962979e-01  -1.4648267e+00
   1.0000000e+00  -3.4198325e-01   9.1842335e-01  -5.6103068e-01  -2.7322306e+00  -5.2356975e-02   1.4068472e-01   2.8987009e-01  -1.0505207e+00  -1.3309532e-01   1.4182492e+00
   2.0000000e+00   7.5419965e-01  -3.3455762e-02  -9.9940109e-01  -8.7107930e-01   1.7144058e+00   7.8942020e-01  -3.2056587e-01  -5.9038753e-01   5.4812916e-01  -1.9638839e+00
   2.0000000e+00  -1.0319164e+00  -9.4668175e-01  -9.6535962e-01  -1.3334466e-01  -1.9737688e-01  -1.3547407e+00  -1.8021163e+00   4.7975409e-02   3.7799721e-01   4.2020644e-01
   2.0000000e+00   9.6496055e-01  -1.2649296e+00   3.5092184e-01  -8.0143910e-01  -8.6686247e-02   3.6565906e-01  -1.5894708e-01  -1.3269803e+00   1.0987614e+00  -2.8719626e-02
   2.0000000e+00  -1.3531766e+00  -8.1352582e-01   5.3293886e-02  -1.2755403e-01  -1.2360130e+00  -2.3354538e-01  -1.9847553e+00  -9.3944545e-01  -3.2552369e-01  -6.6374641e-01
   2.0000000e+00   9.3451295e-03  -2.4408121e-01  -7.5803833e-01   4.3744000e-01   1.8445154e+00  -7.6834258e-02   9.2749909e-01  -1.2415647e+00  -1.1351844e+00  -2.5531133e-01
   2.0000000e+00   8.7094789e-01  -3.9880918e-01   1.5756872e+00  -4.9137149e-01   8.2146534e-01  -5.0466325e-01  -2.8319111e+00   1.6369120e-01   1.0352509e+00   4.4978478e-01
   2.0000000e+00   4.1462558e-01  -1.1312546e+00   2.6487263e-01   6.1939265e-01   1.6317731e+00   1.1345115e+00  -1.0633440e+00   6.7434425e-01  -4.8350909e-01   6.1694568e-01
   2.0000000e+00  -4.2640091e-01  -4.0759165e-01  -6.6728714e-01   1.8411110e+00   5.0270282e-01   3.5865025e-01   2.0999983e+00  -2.2182130e-01   7.5407659e-01  -1.3460353e+00
   2.0000000e+00   1.3432733e+00   1.0208074e+00   1.6075796e-01   1.7159705e-02   1.7709355e+00   4.3571931e-01   1.1473690e+00  -3.3598881e-02  -1.2048785e+00   3.7149727e-01
   1.0000000e+00   9.5639610e-01  -8.8201683e-01  -1.1805887e+00  -8.7234720e-01   1.4102824e+00   3.7147616e-01  -6.5157041e-01  -1.4438486e-01   1.9110585e-01   4.3446365e-01
   2.0000000e+00  -5.5121556e-01   1.0359867e+00  -7.5202525e-01   1.3839930e+00  -1.2769828e+00  -1.2004101e-01   3.8385410e-01   7.7316292e-01   3.1362695e-01  -6.9690518e-01
   2.0000000e+00   1.4387320e+00  -2.2651166e-01  -7.0516242e-01  -1.4349987e-01  -1.1882383e+00   1.3443787e+00  -1.3748465e+00   3.8327800e-01   8.1026020e-01   3.5600040e-01
   2.0000000e+00   5.3129867e-01  -5.4654064e-02   1.4579517e+00   1.7458291e+00  -2.9465102e-01  -4.2252052e-01  -6.8907595e-01  -1.2040342e-01   4.6456531e-01  -1.7587771e+00
   1.0000000e+00  -2.7989479e-01   6.4926243e-01  -8.3407728e-01   1.5282096e+00   1.2750271e-01   8.4633008e-01  -1.7743559e-01   1.4304193e+00  -2.1193494e-01  -2.1617744e+00
   2.0000000e+00   1.2240505e-01  -7.8197294e-02   3.3472471e-02  -4.1014016e-01   6.2264994e-01  -1.1245351e+00  -1.5642210e+00   1.1132892e+00  -4.4514035e-01   1.0368780e+00
   1.0000000e+00   3.7408044e-01  -9.2864851e-01   1.1060253e+00   3.6700145e-01   1.0664393e+00   2.4665500e-01  -3.9986866e-01  -1.1719528e+00   1.4221877e-01  -8.8224435e-01
   2.0000000e+00  -6.3285674e-01  -4.7059120e-01  -4.8304139e-01   6.4500054e-01   1.2739080e+00  -7.9191642e-01   1.3306060e+00   1.1437495e+00   1.1261228e-02  -3.2354329e-01
   2.0000000e+00  -4.3245002e-01   1.1936353e+00  -7.0555048e-01  -9.6091457e-02  -1.2247789e+00   5.4365337e-01   9.6748735e-01   1.6491603e+00  -9.5464697e-01   1.1397879e-01
   2.0000000e+00   2.4155564e+00  -8.1217226e-01   1.0041449e-01  -1.1589135e+00   2.7028449e-01  -3.0350302e-01   1.0413231e+00  -1.1479669e+00  -5.7732677e-02   2.2696497e-01
   2.0000000e+00   8.5746518e-01   9.7180118e-01   2.4321861e-01   1.4450023e+00   2.6771517e-01   1.7104379e+00   6.7953009e-02  -2.9246583e-02  -1.5515739e+00   5.1686584e-01
   2.0000000e+00   3.5016991e-01  -2.5673619e+00  -1.9487430e+00   6.0252737e-01   3.8479478e-01  -1.6490499e-01  -7.1362611e-01  -4.2658797e-01   6.9114368e-01   9.2572237e-01
   2.0000000e+00   1.5678347e+00  -3.0341004e-01  -2.7483025e-01   1.8617941e-01  -1.7934170e+00   1.5547327e+00  -7.0923222e-01  -1.4087641e+00   4.8845219e-01  -1.8491114e+00
   1.0000000e+00   4.5125418e-01   2.0687746e-01   4.5928717e-01   1.7167513e-01  -8.7713663e-01   4.9548049e-01  -1.0276314e+00   4.5498535e-01   2.1959067e-01  -9.2316409e-01
   2.0000000e+00   5.0819337e-01  -1.0955723e+00  -5.6011132e-03  -1.4621589e+00   1.6067281e-01   1.2181776e+00   3.9959295e-01  -8.6425981e-01  -1.4278549e+00   1.0192832e+00
   2.0000000e+00  -1.5039163e+00  -2.7322515e-01  -9.2570994e-01  -8.6020321e-01  -1.0614460e+00   3.9025541e-01   1.5267067e-01  -1.0893719e+00   1.5658709e+00   7.4797574e-01
   2.0000000e+00  -3.9347200e+00  -1.1419246e+00   1.4938898e+00   1.4254021e-01  -1.0381733e+00  -1.5104554e+00  -7.1292088e-01  -1.3251258e-02   9.2657644e-02   2.4254549e-01
   2.0000000e+00   1.1070966e+00  -1.1554948e+00   3.1616060e-01  -2.3624466e-01   3.2525958e-01   2.1099087e+00   1.2876328e+00   3.2288230e-01  -8.5073422e-02   1.3532632e+00
   2.0000000e+00   6.8307730e-01  -3.0551388e-01  -9.2139723e-01  -4.0155458e-01  -2.4963500e-01   8.6303303e-01   1.3482488e+00   4.2490669e-02   6.5553932e-01  -1.1953462e+00
   2.0000000e+00   1.0424068e+00   9.1014169e-01  -6.6553291e-01   8.3924935e-01  -1.3068196e+00  -6.6703212e-01   1.3355501e+00  -1.3573681e+00  -1.0624425e+00  -9.9755504e-01
   2.0000000e+00   2.3447449e-01  -1.9045116e+00  -1.7825574e-01   3.7313223e-01   1.1496593e+00   5.4656302e-02  -7.9556302e-01   1.8712109e+00   2.0023999e+00   6.7626051e-01
   2.0000000e+00  -1.4625690e+00  -4.4366268e-01   5.0288500e-01  -1.0384060e+00  -1.1029514e+00  -1.7291986e-01   1.5135502e+00  -9.0433573e-01  -6.1814208e-01   5.3522565e-01
   2.0000000e+00   1.0493099e+00   1.1842090e+00   6.3924690e-02   3.0148443e-01  -2.1633364e-01  -3.3765673e-01   1.1049980e+00   6.2116884e-01   1.3683953e-01   5.7586479e-01
   2.0000000e+00   8.2097633e-01  -2.3741769e+00   3.0987645e-01   3.6430022e-02  -8.7762306e-01  -1.4355250e+00  -1.1245949e+00   1.4136285e+00  -6.8487618e-01   6.0544521e-01
   2.0000000e+00  -1.3232056e+00  -8.4493286e-01   9.6152031e-01  -3.7831102e-01  -4.4494550e-01  -8.9091574e-01   1.2001994e+00   8.1494339e-01   2.2810469e-01  -9.6615296e-02
   2.0000000e+00   3.5383815e-01   1.2652381e+00   3.4232979e-01  -1.3523456e+00   8.4155591e-01  -5.2594999e-01   6.7542192e-01  -5.6034894e-01  -4.4733299e-01   7.9389156e-01
   2.0000000e+00  -3.0410200e-01  -1.9430129e-01  -1.8794621e+00  -9.7352894e-01   9.8715812e-01  -9.6556574e-01  -8.0476503e-01  -1.4313824e+00   1.4855867e-01   7.6953368e-01
   2.0000000e+00  -5.0090214e-01   8.3668078e-01  -8.6453303e-01  -3.3653637e-01  -1.0145367e+00  -7.2613794e-01  -5.9997833e-01   9.7290931e-01  -1.8420844e+00  -4.0190602e-01
   2.0000000e+00   4.6118275e-02   1.2451362e-01   9.3378544e-01  -3.8960056e-01   3.3719715e-01  -1.1876598e+00   9.4329517e-01  -7.9624621e-02   3.4118911e-01   8.9307328e-01
   2.0000000e+00   8.5034662e-01   1.0140529e+00   3.7257624e-01   1.0070788e+00   4.7944500e-01  -6.8257198e-01   1.1054669e+00   1.0375387e+00   1.9552596e-01   2.6989393e-01
   1.0000000e+00   1.9161858e-01   2.5715673e-01  -1.5143224e+00   3.8272092e-01  -1.2979632e+00   3.8903159e-01   1.1868853e+00   8.2477056e-01   3.4857999e-01  -7.2741644e-01
   2.0000000e+00   4.2693042e-01   2.5331044e-02   1.4899750e+00   7.6181619e-01   3.5616003e-01   9.4013316e-01   3.4313676e-01   2.2870852e+00  -1.6594157e-01   5.5692713e-01
   2.0000000e+00   1.7020819e+00  -1.4632123e+00   2.0523942e+00  -5.0450982e-01   7.1947868e-01  -1.7295119e+00  -6.4915146e-01   1.1864718e+00   3.9444411e-01  -1.3219003e+00
   2.0000000e+00   8.7323328e-01  -1.6425108e+00   2.2712453e-01   5.6302495e-01  -1.0577266e+00   1.5323939e+00  -3.5704754e-01  -5.8579890e-01  -1.0570178e+00   1.4100277e+00
   2.0000000e+00   4.6736714e-01  -1.2907258e+00  -1.5499582e+00  -8.6946863e-01  -1.8626888e-01  -9.7192045e-01   1.1456002e+00   5.2358797e-02  -7.8433685e-01   7.4745077e-01
   1.0000000e+00   8.3710862e-01   3.8764709e-01  -7.7491540e-02   1.4055716e-02   2.1099452e-01   6.9720000e-01   1.3335112e+00   8.3433875e-02   4.2180783e-01  -8.1330633e-01
   2.0000000e+00   6.1551894e-01  -8.1436799e-01  -1.7305052e-01  -1.2945210e+00   1.1133572e+00  -5.5931960e-01   4.6170262e-01   7.8561332e-01   1.5507253e+00   2.3452541e-01
   2.0000000e+00   4.5592454e-01   1.0737295e+00   1.4838679e+00  -9.3013110e-02  -1.4484910e+00  -4.8019989e-01   9.3632108e-01  -7.1431509e-01   1.8755588e+00   4.0584777e-01
   2.0000000e+00  -1.3061963e+00  -6.8489244e-02  -9.6914540e-01  -2.2366501e+00  -4.7528983e-01  -1.8759272e+00   2.2605456e+00   9.7774352e-01  -1.3496800e+00  -1.4726878e+00
   1.0000000e+00  -3.2422564e-01  -1.2468968e-01  -1.6370257e+00   3.9494665e-01   1.2668441e+00   9.2642861e-02  -4.7651921e-01   8.6107281e-01  -5.9668298e-01  -4.8098351e-01
   2.0000000e+00  -1.4842379e-01   4.2826549e-01   1.7181458e-01  -6.8479820e-01   1.2787153e+00   1.4067153e-02  -1.4785735e+00   4.6410445e-01  -1.1894787e+00   2.1445325e-01
   2.0000000e+00   1.9032245e+00   8.9756276e-01   1.9161545e-01  -2.1531777e+00  -5.5690896e-01   2.0635731e+00   3.6348394e-01  -1.4688971e+00  -3.0645817e-01   3.3200457e-01
   2.0000000e+00   3.3670991e-01  -2.3548925e-01  -6.6780784e-01  -1.4308053e+00  -7.2526088e-01  -9.9727296e-01   2.8983760e-01  -3.7560017e-01  -7.8433536e-01   1.2407794e+00
   2.0000000e+00  -4.5140826e-01  -3.6577430e-01   2.7133901e-01  -1.4012206e-01   2.4311900e-01  -3.9754712e-01   1.0580283e+00   2.9673565e-01   1.6498077e-01   5.4111576e-01
   1.0000000e+00   9.5541384e-01  -2.0925023e+00   4.4104723e-01   6.2956218e-01  -1.0867611e+00   5.1190977e-01   1.3812360e+00  -4.3361890e-01   5.0776639e-01   5.9480852e-01
   2.0000000e+00  -9.0645674e-01   8.6101407e-01  -5.0082177e-01   6.0363150e-01   4.6202444e-01   9.3356623e-01  -6.9230115e-01  -9.9067673e-01   7.9380701e-01  -8.4815493e-01
   2.0000000e+00   6.4555163e-02  -5.5875644e-01   5.0446368e-01   1.7270519e-01  -7.4603329e-01   1.9746715e+00   1.6720392e+00  -1.4851161e-02  -3.0434372e-01   3.1849299e-01
   1.0000000e+00  -1.0788439e-01   4.8008645e-01   1.1412411e+00   3.7188525e-01   1.6551078e-01   3.3917551e-01  -1.4786879e-01   1.3422219e+00  -5.6753021e-01   8.7977030e-02
   2.0000000e+00   1.5380303e+00   9.6480107e-01  -7.7180222e-01  -5.2988151e-01  -1.8136615e-01  -6.8611885e-01   3.7075212e-02   1.5567524e-01  -8.0459102e-02   1.9344625e+00
   2.0000000e+00   1.4162409e-01  -9.0539400e-01   3.3014911e-01  -1.3736218e+00   2.5592369e-01  -2.0519641e+00  -1.5859748e-01   1.3826193e+00   7.9950965e-01   1.5876517e-01
   2.0000000e+00   5.5564483e-02  -1.1259975e+00  -1.5170960e+00  -1.4508833e+00  -2.6506293e-01   2.1745177e-01   4.1658537e-01  -1.0090056e+00   1.0331163e+00  -8.1144714e-01
   2.0000000e+00  -4.0513992e-01  -3.6337107e-01  -2.1346298e+00   2.4709686e+00   1.3725062e-01   1.4980145e+00  -5.1636519e-01   5.3866579e-02  -1.6108537e+00  -3.8014298e-01
   2.0000000e+00  -8.2346909e-01  -8.4444826e-01   1.6311242e-01  -1.3963910e+00  -1.0805064e+00  -6.2681592e-01   1.0991949e+00   1.8023498e+00  -7.2287993e-01  -6.4564248e-01
   2.0000000e+00  -3.0137620e-02  -1.3557127e-01  -7.9903223e-01  -5.4973766e-01  -1.8161691e-01   6.7067270e-01  -5.8682184e-01   1.1001968e+00  -7.8029428e-01  -1.0617104e+00
   2.0000000e+00   9.2547637e-01   1.0833849e+00   1.0888869e-02   1.2463575e+00   4.4733884e-01   1.0775831e+00  -2.2880897e-01  -4.3862304e-02  -7.2103403e-01   7.8409234e-02
   2.0000000e+00   9.3617081e-01  -3.2739742e-01  -9.2303524e-01  -2.4590214e-01   1.3286126e-01  -7.6431948e-01   4.3677421e-01   2.0437094e+00   1.1253400e+00   2.6453235e-01
   2.0000000e+00   1.0610870e+00   6.9921681e-02   1.9660901e-01   6.9176766e-01   1.8478323e+00   9.3837610e-01  -5.7414024e-01  -2.5499052e+00  -5.3680012e-01  -1.1141503e+00
   1.0000000e+00  -4.1413181e-01  -3.5738652e-01   1.8192801e-01   2.5258640e+00   4.0552140e-01   3.6332831e-01  -2.5486881e-01   7.3338386e-01   5.6038070e-01  -1.6969056e+00
   2.0000000e+00  -1.1531728e-01  -5.6470733e-01   1.8148659e+00  -7.5168047e-01   1.4888117e+00   2.6151940e-01  -1.4986501e-02  -1.0238241e+00  -1.0788393e+00   3.0486828e-01
   2.0000000e+00  -2.3644156e+00  -1.1107854e+00  -1.3415692e+00   6.7779391e-02   3.7977491e-02  -7.8106081e-01  -8.3633852e-02  -7.2875835e-01  -3.2153875e-01  -1.4781343e+00
   1.0000000e+00  -2.5409263e-01   1.9574189e+00   4.3668325e-02   2.3664362e-01   2.0864025e-03   4.9564155e-01   3.7047583e-01  -5.3150905e-01   3.7316761e-01   6.9984167e-01
   2.0000000e+00   8.7706454e-01  -1.6617059e+00  -3.1971313e-01   4.5122929e-01  -8.6015623e-01   1.0473802e+00  -4.1040879e-02   6.7925189e-01   1.4015177e+00   6.9913373e-01
   2.0000000e+00  -1.8069084e-01  -3.1934132e-01   9.0630945e-01  -6.9016247e-02  -1.5251833e-01  -1.9392343e-01  -4.9264100e-02   1.1160705e+00  -8.4469747e-01  -2.2368363e-01
   2.0000000e+00   2.1282077e+00   1.3690681e+00  -8.3750369e-01  -4.9424891e-01  -9.6034094e-01   1.9456799e-01  -2.8813709e-01  -1.7072823e-01   1.2367184e+00  -8.9824022e-01
   2.0000000e+00  -2.2994605e+00   2.0600074e+00   4.3073454e-01  -2.0886296e-01   1.9554185e-02   1.2122426e+00  -1.6817824e-01  -4.1571293e-01  -9.9745617e-01  -1.7951334e-01
   2.0000000e+00  -4.8982441e-01   3.1313661e-01  -1.8970794e+00  -4.7381922e-01  -4.6409433e-01  -6.3336970e-01   1.5495339e+00  -5.0162422e-01   7.5382193e-01   3.6359477e-02
   2.0000000e+00   4.0800486e-01  -1.2282939e-01   1.2816970e+00  -6.3241577e-01   1.1055868e+00  -5.5347079e-01   1.9792529e+00   7.2393013e-01  -1.1434772e-01  -1.8611083e+00
   1.0000000e+00  -1.4639224e+00  -3.4768965e-01  -6.7595388e-01   1.8057287e-01  -5.3301913e-02   2.1136556e-02  -1.0376970e+00  -1.0989253e+00  -5.1812945e-01  -4.7629622e-01
   2.0000000e+00   7.2488908e-01   9.4847957e-01  -7.8023642e-01   1.5924488e+00  -4.4909393e-01   1.1022330e+00   2.0023433e+00  -7.9964613e-01  -2.5833739e-01  -1.9351227e+00
   2.0000000e+00   6.2022985e-02   1.6463201e+00  -5.7031235e-01   2.3311083e-01   7.4763823e-01  -6.1011581e-01   3.6724835e-01  -1.3295303e+00  -7.9383754e-02   1.5211001e+00
   2.0000000e+00   1.0345960e+00   2.4812593e-01   8.3904372e-01   8.3714000e-01   1.0580943e+00   9.4424252e-01   2.6411518e-01   1.9004164e+00  -1.5331588e+00  -1.2068979e+00
   1.0000000e+00   8.2401183e-01  -9.3178256e-01   1.0215502e+00   1.6205944e-01  -1.3578053e+00   5.6936165e-02  -1.1119594e+00   8.9865512e-01   8.4881237e-02  -2.8412742e-01
   2.0000000e+00   2.1863896e-01   3.7281453e-01  -4.4353012e-01  -1.1215917e+00  -2.6593204e-02  -8.8634189e-01   1.6768012e+00  -1.4930634e-01   7.8054326e-01  -1.0559448e+00
   2.0000000e+00  -2.0279686e+00  -2.8544281e-01   1.9276880e-01  -2.0594404e+00   2.0910541e+00  -2.7746134e-01   6.7990271e-01   2.7075113e-01  -3.6712337e-01  -4.8195415e-02
   2.0000000e+00   6.5668305e-01  -1.3758255e+00  -1.3259160e-01   8.7841700e-01   2.6443276e-02   1.1774571e+00   1.8657779e-01  -7.8897430e-01  -4.1308360e-01   3.3149640e-01
   2.0000000e+00   1.2027091e+00   2.1479373e-02  -1.6870442e+00  -5.7995639e-01  -1.9407126e-01  -3.8047930e-01   9.0940193e-01   6.2854543e-01  -7.5656818e-01  -6.0882469e-01
   2.0000000e+00  -3.9504382e-01  -6.7566787e-01  -3.2770698e+00  -1.8622261e+00  -6.7346912e-01  -1.5689377e+00  -1.9770741e+00  -5.6228538e-01  -2.2563232e-01  -2.0291387e-01
   1.0000000e+00   3.0980791e-01  -1.3444815e+00  -4.8862844e-01  -1.0716509e+00   9.3327302e-02   7.4654422e-01   5.9823347e-01   4.5653157e-01  -8.1232275e-02   1.8536940e+00
   2.0000000e+00   5.4357955e-01  -7.2449014e-01   1.6915444e+00   2.8946532e-01   1.5531036e+00   2.5060150e-01   7.1372028e-01   7.5524974e-01   1.0467301e+00   8.6968169e-01
   2.0000000e+00  -1.8276113e+00   2.3274350e-01   9.8411354e-01  -2.1777724e+00  -2.1870289e+00  -1.5115391e+00   7.1093648e-01  -6.4811415e-02  -3.8189112e-01  -5.0826969e-01
   1.0000000e+00  -6.8424099e-02  -6.4541353e-01   6.4353497e-01  -1.0335845e+00  -3.4777913e-01   5.4692854e-01   4.4934455e-01   4.7072573e-01   7.5179061e-02   2.3074034e-01
   1.0000000e+00  -4.7067807e-01  -6.9639252e-02  -5.5393951e-02   3.4190141e-01  -4.1090417e-01   2.1266381e-01   2.4480776e-01   9.2253952e-01  -4.3725186e-01  -1.3306084e+00
   2.0000000e+00  -3.8906529e-01   4.4856697e-01   7.4625032e-01  -2.4337523e+00   2.5783533e-01  -8.5014663e-01  -2.1002201e+00  -6.3810902e-01   1.3714107e+00   1.8837218e+00
   1.0000000e+00   2.0012667e-01  -1.7296305e-01  -2.8956606e-01  -4.3723756e-01   1.3647222e+00   2.7558716e-01  -9.3953357e-01  -7.4932721e-01   5.8657444e-02   1.6852919e-01
   1.0000000e+00   8.9140953e-01  -6.8424878e-01  -5.7218940e-01   1.0478048e+00   6.9133763e-01   3.7549304e-01  -3.9574151e-01   1.7512253e+00   6.0433372e-01  -1.4787021e+00
   2.0000000e+00  -8.4442092e-01   1.1479775e+00   8.2675873e-01   1.1358852e-01  -6.1180199e-01  -7.0221914e-01   3.8479897e-01   4.4859058e-01  -1.1088529e-01  -5.8013046e-03
   2.0000000e+00   6.4099317e-01  -6.8843844e-01  -3.2738310e-01   2.1383742e+00  -2.5094836e+00  -1.1124242e+00   8.2360498e-01   1.3676985e+00   1.1613389e+00  -1.3329268e-01
   2.0000000e+00   9.9059518e-01  -7.2071722e-01   8.9167950e-01   3.6373599e-01   1.7351383e+00   1.0678002e+00   1.2316024e-01  -1.0863564e+00   2.6610139e-01  -1.3033701e+00
   2.0000000e+00  -3.4412327e-01   1.9570553e+00   2.2329494e+00   1.3306031e+00   4.4803479e-01   8.1174040e-01  -9.0926848e-01  -3.2511991e-01   1.2698678e+00  -1.9152633e+00
   2.0000000e+00  -1.6704623e+00   1.4100394e+00   2.5989641e-02  -2.7472270e+00   2.6317727e-01  -2.2105342e-01   9.8365856e-01   9.3287077e-01   5.9732636e-01  -7.9460635e-03
   2.0000000e+00  -1.1975003e+00  -2.9267656e-01  -1.6778891e-01  -8.9798358e-02   1.2747043e+00  -2.4585954e-01   1.5153879e+00  -6.5241848e-01   9.8922994e-01   3.1565078e-01
   2.0000000e+00  -3.2218665e-01  -4.3755361e-01  -4.0813877e-01   2.0465980e-01   1.9997865e+00   1.6166224e+00   3.8006538e-01  -4.5030488e-01  -3.8993271e-02  -1.5293177e-01
   2.0000000e+00   6.4394632e-01  -1.5683208e-01   3.0039644e-01   1.0105523e-02  -1.4214361e-01  -1.2829668e+00   1.0574205e+00   1.3311776e-01  -6.1417566e-01  -6.8062150e-03
   2.0000000e+00  -9.9265827e-01  -5.0979303e-01  -1.6766297e-01   1.5226645e-01   5.8948781e-01   1.1922167e+00  -1.0819896e+00   1.6453485e+00  -5.2773717e-01   1.0348845e-01
   2.0000000e+00  -6.2272537e-01   1.5531864e-01   8.4497952e-01   5.6420932e-01  -1.0170087e+00  -2.3966520e-01  -5.7522674e-01   7.2619458e-01  -3.6939654e-01  -4.9004962e-01
   2.0000000e+00  -1.8659193e+00  -5.6270016e-01  -7.8709051e-01   1.0743706e+00   1.1907250e+00   4.0662073e-01  -3.7655839e-01   4.0637451e-01   9.2173663e-01   5.4615066e-01
   2.0000000e+00  -1.4640568e+00  -2.2483096e-01  -1.0147006e+00  -1.0496080e+00   1.3968372e+00   4.4548229e-01  -1.7572705e-01   7.5498884e-01   1.2336338e+00   4.2846813e-01
   2.0000000e+00   1.2756557e+00   1.1456746e+00   1.7128554e+00  -1.8235304e+00  -1.7355815e+00  -7.5719645e-01  -7.0640556e-01  -2.4727451e-01   5.3268753e-01   6.2435779e-01
   2.0000000e+00  -1.7501485e+00   1.9304967e+00  -3.9985108e-01   1.7348409e-01   2.9142769e-01   1.2389269e+00   8.4643775e-01  -3.7985125e-01   1.7145277e-01   1.6708913e+00
   2.0000000e+00  -1.4860955e+00   1.2840385e+00   2.5576780e+00   1.5024805e-01  -1.5216821e+00  -1.0679966e+00  -1.1762442e+00  -1.6324184e-01  -6.1527752e-01   3.2292332e+00
   2.0000000e+00  -2.4853413e-01  -1.2766235e+00   2.9128122e+00  -1.4520695e+00  -1.0464111e+00  -4.4793376e-02  -3.5255167e-02  -1.3579788e-01   2.7423332e-01  -1.7254622e-01
   2.0000000e+00  -1.7981621e-01   5.3708286e-01   1.4573499e+00   7.8930097e-01   4.5736263e-02  -3.6361803e-01  -7.1651389e-01   1.1284546e+00  -3.1368441e-02  -2.5871424e-01
   2.0000000e+00  -1.7891686e-01  -1.4216970e+00   6.6784682e-01  -1.5800957e+00  -4.0361795e-01  -1.0274900e-01  -1.5218205e+00  -6.1863855e-01  -3.0707582e-02  -5.2010598e-01
   2.0000000e+00  -1.4615043e+00  -8.4781422e-01   8.0683724e-01  -3.6176898e-01  -7.2517106e-02   8.3177956e-01  -2.0714006e+00  -3.3103682e-01   1.2863638e+00  -3.6914995e-01
   2.0000000e+00   2.5734007e+00  -1.2843968e+00  -1.1401995e+00   7.8588584e-01  -4.7932451e-01  -9.2392202e-02   3.5608811e-01  -2.3070764e+00   1.2387663e+00  -1.6054421e-01
   1.0000000e+00   8.1406706e-01   4.4310727e-01   1.3554083e-01   1.3102970e+00   5.2349856e-01   5.5064745e-01  -9.8846389e-01   3.0493422e-01  -3.9009723e-01  -3.4880884e-01
   2.0000000e+00   4.6470403e-01  -5.7107776e-01   2.0642591e-01   2.3319175e+00   1.9030182e+00  -8.4971032e-01   1.8272615e+00   4.4350276e-01   1.4834694e-01  -3.9009307e-01
   1.0000000e+00   1.2899723e+00   6.7377175e-01  -9.8252577e-02   1.8011123e+00  -6.5615734e-01   5.3011061e-01   2.7976887e-01   2.9164414e-01   4.9832201e-01  -3.8555359e-01
   2.0000000e+00   2.0329789e-02  -8.1492971e-01  -4.5836282e-01  -1.5273937e+00  -2.1157470e+00   2.6320867e-01  -4.4731021e-01   5.2118091e-01   1.4682514e+00  -1.7376577e+00
   2.0000000e+00   1.0470107e+00   1.6264704e+00   5.1907980e-01   1.1965005e+00   1.6944388e+00  -1.8296445e-01   6.4032085e-01  -1.1623813e+00  -1.6821860e+00  -7.9550797e-01
   2.0000000e+00  -1.0692764e+00  -2.8614383e+00  -1.5677820e+00   8.0251006e-02   8.7493681e-01  -1.2754448e+00  -1.1905254e-01   5.8809143e-01  -1.1677607e-02  -3.1983219e-01
   2.0000000e+00   1.6436616e+00   7.4879054e-01   8.4631546e-01  -1.6242054e+00  -7.3752139e-01  -9.0912930e-01  -1.6324447e-01  -2.1221259e+00   6.6386590e-01   1.7329247e+00
   2.0000000e+00  -3.6000324e-01  -1.0196010e-01  -1.7318760e+00  -1.5054152e+00  -9.4557978e-01   1.5264668e-01  -2.0094708e+00   1.0503473e-01  -2.6166869e-01   1.0633721e+00
   2.0000000e+00   5.1438792e-01   6.7424984e-01   3.4260961e-01   7.4722700e-01   4.5041289e-01   4.6884279e-02   5.4217387e-01  -1.4198960e+00   2.5270197e+00  -8.4559328e-02
   2.0000000e+00  -1.1428251e+00  -4.2869299e-02  -5.1696148e-01   1.7005716e+00  -5.3324668e-01  -1.0299376e+00   3.9673234e-01  -9.1390893e-01   2.1668407e-01  -9.3443595e-01
   2.0000000e+00   1.8944217e+00  -9.3942947e-01   4.3957571e-01   1.2462943e+00  -3.2808717e-01  -2.4335299e+00  -2.4788852e-01  -1.3937273e-01   4.9328812e-01  -1.4985542e+00
   2.0000000e+00  -4.2066174e-01  -1.1717538e+00   5.4400623e-01   7.0249237e-01   6.3048773e-01   1.0658481e+00   9.6697601e-03  -7.7732654e-01   5.4899824e-01  -8.5232109e-01
   2.0000000e+00  -1.5110738e+00  -2.1589317e-01   1.6651718e+00  -7.9779691e-01   7.3282669e-01  -6.2703193e-01  -1.6466437e+00  -3.9728385e-01  -1.6094184e+00  -8.9112402e-01
   2.0000000e+00   3.0581590e-01  -3.6625447e-01   1.3225623e+00  -8.6481640e-03  -9.9195177e-01  -2.4063516e-01  -1.7105068e-01  -1.8070261e+00  -8.6673483e-01  -3.5327515e-02
   2.0000000e+00   5.4626664e-01  -5.1023474e-01   1.0384582e+00   7.3349667e-01  -2.3648211e-01   4.3636670e-01  -2.0215227e+00  -7.7980130e-01  -1.5657227e+00  -9.2818375e-01
   2.0000000e+00  -1.2913874e+00   5.8021135e-01  -1.7992001e+00   5.7884301e-01  -9.1736654e-01   3.9828208e-01   2.5483424e-01   1.7426065e+00  -1.3529632e+00   8.1372293e-01
   2.0000000e+00  -1.1816677e-01   3.5102263e-01  -1.0444490e+00   8.5482190e-01   9.7414148e-01  -5.1082033e-02  -1.0160303e+00  -1.5340483e-01  -9.4690604e-01   1.9485285e-01
   2.0000000e+00  -2.6010687e-01   6.3100885e-01  -2.3786549e+00   2.9368116e-01   1.6618293e+00  -3.4469245e-02  -1.4109130e+00   9.6045562e-01  -1.6652139e+00  -1.0849304e+00
   2.0000000e+00  -5.0594022e-01   2.9106081e-01  -7.3785058e-02   3.9224112e-01  -5.9501588e-01   3.1834240e-01  -3.1036955e-01   1.5741356e+00  -1.5106428e+00  -2.3887835e+00
   2.0000000e+00  -2.2693897e+00   8.1326151e-01  -4.9959131e-02  -5.8818959e-01   6.7904160e-01   3.0921630e-01   6.4487033e-02   5.9164422e-01   1.9798947e+00   1.9414645e+00
   2.0000000e+00  -1.2888747e+00   5.9337529e-01  -6.2154823e-01   1.2409469e-01   1.3461323e+00   8.9832612e-01   2.2819230e-01  -6.1457364e-01   1.2771839e-01  -1.5070635e+00
   2.0000000e+00   1.0481715e+00  -6.9932299e-01  -1.1734087e+00  -1.0909590e+00  -6.4756883e-01   8.6879665e-01  -2.2562837e+00  -1.3365946e+00  -1.0987047e+00  -8.2118294e-01
   1.0000000e+00  -4.6874669e-01   8.4427549e-02  -6.7823852e-01   2.4596743e-01   2.0431318e+00   3.7827534e-01   1.9090070e-01  -1.6222533e-01   5.8389674e-01  -6.7415034e-01
   2.0000000e+00   3.7859247e-01  -7.6366606e-01   7.1465508e-01   1.1838088e+00  -1.2554252e+00  -7.1980808e-01   1.1842700e+00  -1.7902151e-01   1.0696095e+00   3.0959109e-01
   2.0000000e+00  -1.6394600e+00   1.0667729e+00  -1.1792706e+00  -3.7514771e-02  -1.3255837e+00  -5.8478408e-01  -1.2884928e+00   6.5291261e-01   3.9552463e-01  -7.9600875e-01
   2.0000000e+00   1.1987442e+00  -1.6867375e-01   1.2815256e+00   1.3233445e-01   1.8086928e+00   2.0582835e+00   8.7307184e-01   1.2070087e+00   3.2986788e-01   1.8825037e-01
   2.0000000e+00  -8.9567531e-01   5.3621763e-01  -1.9303269e+00  -1.4868006e+00  -8.6962946e-01  -1.0626943e+00  -1.4495571e-01   1.0550407e+00  -1.2509843e-01  -6.1930573e-01
   2.0000000e+00   3.6894083e-01  -3.5896198e-01  -1.0300038e+00   1.4988726e-01   1.0571825e+00   1.4463865e+00   1.0171012e+00   8.5761235e-01  -2.6767632e+00  -2.0778073e-01
   1.0000000e+00   3.8771934e-01  -1.0940163e+00  -8.5630881e-01  -1.9305115e-01  -2.1642006e+00   9.2435498e-02  -6.6364694e-01   1.3229919e+00  -5.1443449e-01   1.4381727e+00
   2.0000000e+00  -4.9392562e-01   1.4755627e+00  -2.1376522e-02   8.4018084e-01  -1.2987128e+00  -1.7457032e+00   2.0425554e-01   8.6699062e-01  -4.5247806e-01   1.2048003e-01
   2.0000000e+00   6.0340806e-01   6.5851576e-01  -1.4769168e+00   1.0706458e+00  -7.4991986e-01  -1.3090883e+00  -7.8348441e-01  -7.8813537e-01  -7.1987416e-01  -1.5393903e+00
   2.0000000e+00  -1.0861791e+00   3.9615514e-01   6.1764267e-01  -1.5102496e+00   4.8503988e-01  -1.7532438e-01   1.9639040e-01  -7.1799363e-01   6.1979212e-02   8.5218080e-01
   2.0000000e+00  -6.2073205e-01   2.2580755e+00   2.7127327e-01   4.2841578e-01   3.8666804e-01  -1.4298680e+00  -1.7693533e+00  -1.7159327e+00   1.2298962e+00   8.6093382e-01
   2.0000000e+00  -7.8508130e-01   1.3088970e+00  -1.5440756e+00  -2.5881111e-01  -4.1884912e-01   1.5724289e+00   1.2198937e+00  -1.0778805e-01  -1.0893761e+00   1.1998362e-01
   2.0000000e+00   1.2175868e+00   1.5073690e+00   1.9005891e+00  -5.9480992e-01  -9.8798613e-02  -1.0401282e+00   9.3034881e-01   5.8362971e-01   1.1843293e+00   6.8586853e-01
   2.0000000e+00  -1.1437658e+00  -6.8113354e-01   5.5795948e-01   5.0112829e-01  -1.3909201e+00   1.3843227e+00  -6.2605703e-01  -7.3636944e-01  -2.7858301e-01   1.4290379e-01
   2.0000000e+00  -3.8166475e-01  -8.1203426e-02   9.9135431e-02  -1.1260648e+00   3.2923043e-01  -2.7359897e-01  -9.0424672e-01   3.1942392e-01  -1.3296614e+00  -9.6567393e-01
   2.0000000e+00  -7.2899152e-01  -9.9361487e-01  -1.6420566e+00   1.2114128e+00  -5.2886787e-01  -3.5877459e-01  -4.0177121e-01   2.3565007e+00   1.1779044e+00  -1.5083224e-01
   2.0000000e+00  -8.3357625e-02  -1.1025753e+00  -1.4914756e+00   1.0248528e-01  -6.3088421e-01   1.1182591e+00  -1.1500101e+00  -1.1888396e-01   2.7407483e+00  -3.0652629e-01
   2.0000000e+00  -8.6087074e-01   1.2675890e+00   6.5958150e-01  -3.7294335e-01   2.1221162e-01   3.7192237e-01   2.5409303e+00   9.1851223e-01   8.1439327e-01   1.0991048e+00
   2.0000000e+00  -1.5924577e+00  -1.1795571e+00   9.5289939e-01   4.5762127e-01   1.2518296e+00  -1.2435997e+00   4.2760268e-01  -2.3516099e-01  -3.5538308e-01   4.0346747e-01
   2.0000000e+00  -1.4371379e-01   1.0904423e+00   1.0157875e+00  -1.9884031e-01  -1.7924873e+00  -1.2703812e+00  -1.4749777e+00   2.1787059e-02  -2.9316995e-01   4.1524325e-01
   2.0000000e+00   4.8871176e-02  -8.4267180e-01   4.2590006e-01   1.4238816e+00  -9.5713667e-02   9.6948081e-01   9.0018804e-01  -1.6451400e+00  -1.1149872e-01  -1.2654005e+00
   2.0000000e+00  -6.9685832e-01   9.1208388e-01   6.7637712e-01  -4.4439819e-01   4.3139012e-01  -1.2413576e-01   3.1665292e-01  -2.5078283e-01   1.1641643e+00  -6.2594495e-01
   2.0000000e+00  -1.2568943e+00  -1.3621283e+00   2.0501289e+00  -2.7808285e-01  -2.0799521e+00   3.8644213e-01   1.2292093e+00   8.2071417e-01  -9.8154998e-01  -1.9823551e-01
   2.0000000e+00   6.5351319e-01   1.8217893e+00  -2.8528596e-01   1.2514286e+00  -6.1770141e-01  -7.4254473e-01   6.3793937e-01  -9.5802126e-01  -7.7256117e-01   1.0571770e+00
   2.0000000e+00   6.3701406e-01   5.1821746e-01  -1.1720738e+00   1.6871222e+00   4.8098000e-01  -6.7648062e-01  -6.3492269e-01  -5.8086159e-01  -2.3144437e-01  -3.4445510e-01
   2.0000000e+00   2.5524255e-01   5.3322820e-01  -1.3014764e+00   6.4174941e-02  -9.7381677e-01  -5.8947669e-01  -6.1162570e-02   9.6160028e-02  -5.8913208e-01  -5.3540991e-02
   2.0000000e+00  -2.1690578e-01   3.2111978e-01   3.5333107e-01   1.1907399e+00   7.1212850e-02  -1.0432009e+00  -1.8722764e+00   1.7241408e+00   1.0973472e+00  -1.1424950e+00
   2.0000000e+00  -7.2950425e-01  -9.3996298e-01   6.0424306e-02  -1.1022776e-01  -1.4593547e+00  -8.0915023e-01  -1.2290957e+00  -8.4145650e-02  -6.8655841e-01  -7.6893216e-01
   2.0000000e+00  -7.0728599e-01   1.3648589e+00  -6.4071977e-01   1.8358652e+00   6.9035813e-01  -4.0226678e-01   1.8112670e+00   1.3726976e+00   6.6688325e-02  -1.8154799e-01
   2.0000000e+00  -8.5035932e-02  -2.7659889e-01  -6.4174180e-01   1.0642689e-01  -8.5304471e-01   6.4548789e-01   2.4656749e+00   1.5053681e+00   1.4832237e+00   7.3718412e-01
   1.0000000e+00   2.2053894e+00   3.6201267e-01   1.1175716e+00  -1.0454137e-02  -1.5326116e+00   2.7580111e-01  -1.0477085e+00   5.8258954e-01   7.8161576e-01   2.1645385e-01
   2.0000000e+00  -8.1386251e-01  -6.7389668e-01  -1.0935473e+00   1.1115895e+00   8.3435597e-01  -1.1143650e+00  -1.0500103e+00  -8.6426431e-01  -1.2990053e+00  -3.5219706e-01
   2.0000000e+00   6.4620297e-02   1.8018006e+00  -3.5006444e-01  -1.2743106e+00   1.5536622e+00  -1.7022434e-01  -5.3518775e-01  -9.7158467e-01  -1.6579712e+00  -8.8082433e-01
   2.0000000e+00  -8.3070544e-01  -1.8805071e+00   3.3250586e-01  -1.7446463e+00  -1.3773947e+00  -8.0667149e-01  -5.4777101e-01   9.4468860e-02  -1.3521303e+00  -1.5673886e+00
   2.0000000e+00   2.3170665e-01  -2.7672763e+00   1.9148523e+00  -1.0609794e+00   1.3886256e+00   4.7254705e-01  -1.2290632e+00   1.8526047e+00   1.4495356e+00   1.6502464e+00
   2.0000000e+00  -6.4583172e-01  -1.1329217e+00   7.0981965e-01  -1.7068564e+00  -5.2011283e-02   3.0632692e-03   8.9539645e-01  -6.8498430e-01  -1.0789689e+00   3.0000195e+00
   2.0000000e+00   8.9399907e-01   3.3375880e-01  -9.7207205e-02  -7.9258449e-01  -1.8083597e-01   1.2992471e-01  -2.1031861e+00   1.3162825e+00   6.5282953e-01  -3.2562479e-01
   2.0000000e+00   5.0689495e-01   9.0794407e-02  -2.0283673e-01   1.0761194e+00   1.3360740e+00  -2.4999584e+00  -1.1024615e-01   9.2045469e-01  -9.8895856e-01  -2.0567776e+00
   2.0000000e+00   8.9184597e-01   4.8063160e-01   5.8605858e-03  -1.6903097e-01   9.3182127e-01   5.2897568e-01   1.1201883e+00   8.5885541e-01   1.9121474e+00   2.0868399e+00
   2.0000000e+00   5.2768996e-02  -1.0971810e-01   1.0677191e+00   1.6642069e+00  -1.9315451e-02  -1.2115831e+00  -1.2167494e+00   1.0926145e+00   1.1526789e+00  -1.0641844e+00
   2.0000000e+00  -9.2403654e-01   7.1251995e-01   2.7128149e-01   3.5110109e-01  -4.9779933e-02  -2.8445024e-01   5.8315014e-01  -1.0270688e+00   2.1371585e+00   6.5024428e-02
   2.0000000e+00  -6.7001566e-01  -1.2854544e-01   2.2865794e-01   8.2145687e-02   6.2780205e-01   1.8396393e+00   6.8185019e-01  -1.3188128e+00   4.1502350e-02  -6.8502272e-01
   2.0000000e+00  -1.9779784e-02   4.8643273e-01   2.0437308e+00  -2.4323194e+00   1.6358558e+00  -9.0933762e-01  -4.1912397e-02   6.7494754e-01  -8.5969527e-01   3.1551611e-01
   2.0000000e+00   9.4952810e-01  -6.1235209e-01  -5.9893806e-01  -3.4507534e-01  -1.0492866e+00   1.0710530e+00  -4.4609668e-01   1.8192524e+00  -3.9129833e-01  -2.0320614e-01
   2.0000000e+00  -9.1379642e-01   1.0937525e+00  -6.9901380e-01   1.0465982e+00   1.9751014e+00  -1.0231168e+00  -1.2894296e+00  -1.2208812e+00   2.3056900e-01   2.2431199e-01
   2.0000000e+00   4.7841167e-01   2.7886992e-02  -1.0866684e-01   2.1424872e+00  -1.1112063e+00   1.3933496e+00   1.1035392e-01  -3.1260274e-01  -3.7461774e-01  -1.1663570e+00
   2.0000000e+00   5.8605725e-01   1.5009337e+00   3.9711633e-01   1.2377356e-02  -1.3991974e-02   2.6499270e+00   6.5251844e-01  -8.0525462e-02  -2.0345441e+00   1.2480253e+00
   2.0000000e+00   5.6512158e-01  -1.5378896e+00  -1.2740084e+00  -5.9103233e-02  -3.6325774e-01  -1.0684240e+00   8.0211955e-02   2.3770149e-01  -5.9079602e-01   1.9671419e-01
   2.0000000e+00   1.2795077e-01  -6.0602476e-01  -1.7657113e+00   4.4292151e-01   1.5808554e-01  -1.0832986e+00   1.2313203e+00  -1.1131839e+00   1.1371588e+00   4.8828735e-01
   2.0000000e+00  -4.3728066e-01  -1.0123918e+00   2.5438338e-01   2.4161693e-01  -1.0535958e+00   6.2565294e-01  -9.8529688e-01  -3.3734525e-01   2.2931808e+00   2.2412148e+00
   1.0000000e+00   2.1033335e-01  -1.3468813e+00   2.0697084e-01  -5.7242852e-01  -5.5481727e-01   1.7534832e-01  -1.0575665e-01  -1.3270914e-01   7.9245614e-01  -2.2390814e-01
   2.0000000e+00   1.5436014e+00  -6.0649028e-01   1.1706111e-01   2.1816362e-01  -7.0951183e-01  -1.9498813e+00   6.4959580e-01   2.4012260e-01  -7.1807063e-01   1.3770272e+00
   2.0000000e+00  -4.1553899e-01  -4.2343896e-01   4.7390161e-01  -1.1668203e+00   1.1436537e+00   3.2219709e-01   1.4061817e+00   1.2318718e+00  -9.1298264e-01   1.2446023e-01
   2.0000000e+00  -1.4612829e+00  -3.3945910e-01  -5.4077866e-01   4.1706437e-01   1.2242523e+00  -1.0761389e+00   1.5275421e+00  -9.7236650e-01  -1.2701803e+00   9.8696465e-01
   2.0000000e+00  -8.9744323e-01   1.1418943e+00   1.3198503e-01  -5.1726403e-01   8.8978944e-01  -2.3414329e+00  -7.9532546e-01  -1.9860846e-01  -9.9051763e-01   1.6218323e-01
   2.0000000e+00   1.9912548e+00   8.6686605e-02   8.2339696e-01   8.0045803e-01   9.6803521e-01   9.1641039e-01  -1.5854369e+00   9.8153396e-01   1.6756835e-01  -1.0404275e+00
   2.0000000e+00   2.2097500e-01  -8.3406195e-02   1.6172588e-01  -1.3815678e+00  -2.3796877e-01   2.1131284e+00   3.6793460e-01   1.1580005e+00   1.3177587e-01   2.1699530e+00
   2.0000000e+00   8.8700663e-01  -3.0689368e-01  -2.1669102e+00  -1.0496346e+00  -3.9346798e-01  -1.3344638e-01  -5.9034170e-01  -1.5677395e+00   5.7620264e-01   2.6133693e-01
   2.0000000e+00  -4.8290457e-01   2.3852598e+00  -1.1365118e+00  -4.3425139e-01  -1.7591076e+00  -1.4136558e+00   1.4403442e+00  -6.9094107e-01   2.6108924e-01  -1.0442262e+00
   2.0000000e+00  -5.6363459e-01   1.1100321e+00  -2.2559062e+00   6.6975746e-01   3.2896007e-01   2.1435528e+00   3.8859196e-01   1.2205089e+00   8.8580437e-01  -1.1286216e+00
   2.0000000e+00  -4.1595594e-01  -3.8466288e-02   5.5438952e-01  -2.3669940e-01   4.7805511e-01   1.3363546e+00   1.5057521e-01  -9.3568141e-02  -7.7787902e-01   1.1426351e-01
   2.0000000e+00  -2.2374087e-01  -3.0753438e-01  -1.9210411e+00   1.3973720e+00  -5.8456442e-01  -8.1697884e-01   8.6895580e-01   1.5091116e+00  -2.0539556e+00   3.0966432e-01
   1.0000000e+00   9.6318000e-01   1.8507097e+00  -8.6662444e-01   4.9736393e-01   1.1147528e-01   6.8062649e-01  -1.0708650e+00  -1.0545787e+00   1.9631719e-01   1.4318120e+00
   1.0000000e+00  -3.3313530e-02   9.6828408e-01  -2.4715808e+00   5.5665933e-03  -5.3993033e-01   2.6557184e-01  -6.6372141e-02   4.3738502e-01  -4.5820580e-01  -9.1012828e-02
   2.0000000e+00   6.0930296e-01   1.2896377e+00   1.2421698e+00   3.0498327e-01  -2.1626280e+00  -4.5986991e-01   5.1832658e-01   4.6515757e-01  -8.0549434e-01   2.6854630e+00
   2.0000000e+00  -6.9210462e-01  -2.2057317e-01  -1.3333448e+00   3.0862055e-01   4.1797903e-01  -5.7738296e-01  -1.3373730e-01  -3.9794088e-02  -1.3489637e+00   7.5807444e-01
   2.0000000e+00  -4.9596423e-01   4.1362841e-01   3.1130630e-02   8.1511216e-01   8.3047354e-01  -7.9369487e-01  -2.2942371e+00  -5.1208417e-01   1.3786090e+00   2.4579781e-01
   2.0000000e+00  -1.5680936e-01  -8.2641190e-02   4.6546711e-01   8.2778121e-01  -9.3710867e-01  -1.4344221e-01   2.5256471e-01  -1.7919504e-01   4.2585312e-01   8.5815788e-01
   2.0000000e+00   1.2779559e+00   6.3043365e-01  -1.5049251e+00   3.4767726e-01   2.4513267e+00   1.1071371e+00   9.0189856e-01   1.1601603e+00  -4.3046321e-02   7.7590832e-01
   2.0000000e+00   1.8471898e-01   6.3075462e-01  -5.5797991e-01   1.3427764e+00   4.5065306e-01  -5.4979333e-01  -3.5204162e-01   4.2288449e-01  -9.1093656e-01  -5.1639367e-01
   2.0000000e+00  -1.2215431e+00   1.5873910e+00   7.0762466e-01  -3.5229112e-02   2.7657214e-01  -4.6246269e-01   7.6168499e-01  -1.7812116e-01  -2.3092401e+00   1.6046573e+00
   2.0000000e+00  -1.0225758e+00  -6.8122707e-01   1.5808984e+00   9.9872364e-01   1.4525076e+00  -4.8392196e-01   9.4593534e-02  -2.8168718e-01  -2.9132216e-01  -1.3831653e-01
   2.0000000e+00   1.8728013e+00  -2.9976880e-01   6.1489493e-01  -1.4754602e+00   5.2141277e-01   1.9346518e+00  -3.1406873e-01  -2.0027895e+00   5.7480330e-01   8.2641780e-01
   2.0000000e+00   1.2143971e+00   4.8733819e-01   4.8373329e-01  -1.6956503e+00  -8.8162529e-01   5.8064508e-01   3.5411672e-01   1.7497066e+00  -1.1932799e+00  -1.1092302e+00
   2.0000000e+00   4.3033597e-01  -2.2655769e-01   1.6225584e-02  -9.6218123e-01   2.4106821e-01  -7.9719013e-01  -9.5358745e-01  -1.1394426e-01   7.1684489e-01  -5.4010091e-01
   1.0000000e+00   6.1695555e-01   1.9509933e+00   5.8049701e-01   4.5348522e-01   1.3680229e+00   4.7240707e-01   1.1201454e+00  -1.2872789e+00   2.0989340e-01  -1.9645253e-01
   1.0000000e+00   7.0731367e-01   4.4502369e-01   5.8847290e-01  -3.6615957e-01  -3.6677575e-01   5.2232346e-01  -2.7928497e-01  -1.3978376e-01  -4.2736536e-01   6.6621104e-02
   2.0000000e+00   3.0265839e-03  -7.8448870e-01   8.6324607e-02   7.6951663e-01  -9.7568298e-01  -1.1094237e+00  -1.0020464e+00  -7.7005325e-01   1.2163226e+00   9.4911860e-01
   2.0000000e+00  -7.7505954e-01  -3.8315033e-01   1.8471534e+00   4.0774471e-01   1.5888062e-01   1.8314585e+00   8.8151439e-01  -9.9394671e-01  -9.5862475e-01   8.1763340e-01
   2.0000000e+00  -9.6411981e-01   5.6854411e-01   1.6008478e+00   2.1639073e+00   8.5930480e-01   9.7641723e-01   4.1502253e-01  -3.9855485e-01  -7.1337561e-01   1.3452518e+00
   2.0000000e+00  -1.1403043e+00   2.4452384e-01  -8.1308383e-01   1.3636798e+00   1.0397420e+00   5.6002071e-01  -8.1885945e-01   4.4377293e-01  -1.4851105e+00   2.1969435e-01
   2.0000000e+00   6.6571906e-01  -8.6611947e-01   3.6851612e-03   9.3707860e-01   4.6147019e-01   1.7031752e+00   1.8446483e-01   3.4578804e-01  -8.1680229e-01  -9.6588994e-02
   2.0000000e+00  -8.0227271e-01   6.0667592e-01   2.0252474e+00   5.7641415e-01  -7.5837883e-01  -9.5521039e-03   5.2341432e-01  -8.8515118e-01   8.0116189e-02   8.9434624e-02
   2.0000000e+00   1.3922089e+00   2.0519931e-01  -1.3172693e-01   8.7801903e-01  -9.1426848e-01  -9.4558461e-01   1.2782295e+00   1.2717153e+00   7.7821323e-01   4.6853435e-02
   2.0000000e+00  -1.3655051e+00  -7.4056267e-01  -4.8789090e-01   1.7514588e+00   5.6598487e-01  -5.7966790e-03  -5.3491217e-01  -2.9530664e-01   1.2767971e+00   7.2593335e-01
   1.0000000e+00  -2.1979234e+00   5.5104754e-01  -1.9028593e+00   8.6431322e-01  -1.8565564e+00   1.0281187e-01   5.4881952e-01  -1.1769513e+00  -7.8550700e-01   2.0159414e-01
   2.0000000e+00  -7.3139067e-01  -1.1273763e+00  -7.7009435e-01   1.6184592e-01   9.3797639e-01  -6.1567048e-01   6.9372130e-01   3.4735288e-01   5.6627844e-01  -9.0516447e-01
   1.0000000e+00   5.2612424e-01  -1.8982536e-01  -9.9627130e-01  -4.1727547e-01  -1.6560012e+00   2.3397535e-01   6.6474611e-01  -2.9996993e-01   3.8625740e-01   1.8393078e-01
   2.0000000e+00   7.2180899e-01   3.3669436e-01   1.3730278e+00  -8.8961351e-01  -1.9399459e-01  -1.3519934e+00   1.4809783e+00   1.1754758e+00  -1.5118114e+00   2.5066448e-01
   2.0000000e+00   2.0749346e-01  -9.7684504e-02  -2.2887062e-03   8.1753739e-01  -2.2533158e-01  -7.5969787e-01   1.7911874e-01   7.9200999e-02  -1.0975628e+00  -4.3498752e-01
   2.0000000e+00   1.6698525e+00  -3.1599899e-01  -2.2904814e-01   4.4872130e-01  -1.4174244e+00   5.5948319e-01   7.3053012e-01  -5.3574393e-01   1.3394406e+00  -2.2683429e-01
   2.0000000e+00  -1.2665018e+00  -4.5919380e-01  -7.0752585e-01  -1.0192011e+00  -8.5622151e-01   4.5448349e-01   1.4765725e+00  -7.6918900e-01  -1.0693178e+00   1.3935063e+00
   2.0000000e+00  -5.3749991e-01   1.0544207e+00   7.9621399e-01   9.3727317e-01  -4.6290931e-01   1.0385686e+00  -5.6950711e-02   5.5412246e-01   6.5515179e-01   2.8595605e-02
   2.0000000e+00   4.1097734e-02   3.1465846e-01   1.8382210e+00  -1.1570423e-02   2.3917201e-01   4.6272371e-01   4.7305083e-01   1.1891944e+00   9.5068069e-01   5.3417412e-01
   1.0000000e+00  -4.2450351e-02  -1.3070901e+00  -1.4185296e-01  -2.8669314e-01  -7.6752145e-01   7.3873522e-01  -2.9453876e-01   1.2023557e+00  -3.1460461e-01  -2.0984206e-01
   2.0000000e+00   1.0369992e+00   5.0374108e-01   4.6404611e-01  -4.4913452e-01  -9.9256479e-01   2.7674839e-01  -9.5055052e-01  -4.9616089e-01   1.0366547e+00  -5.3352255e-01
   2.0000000e+00   9.6749937e-01  -1.6723669e-02   5.7451980e-02  -9.5207430e-02   1.2593964e-01   1.0744896e+00  -4.0603773e-01  -9.1421064e-01  -1.3828255e+00  -7.8170668e-01
   2.0000000e+00  -1.2081892e+00  -3.7659915e-01   2.6286553e+00  -3.2134985e-01   1.0762634e+00  -6.6383669e-01   1.3025104e+00  -1.5104675e+00  -3.1634254e-01   1.7291966e-01
   2.0000000e+00   1.0003181e-01   1.0410794e+00   9.0355200e-01   3.8821548e-01  -1.0649492e+00  -1.2450275e+00   5.0099245e-01   5.9968473e-01   1.3880018e+00   6.3401760e-01
   2.0000000e+00  -1.1982854e-01   2.7288852e-01  -3.2002128e-01   3.5055544e-01   5.7028412e-01   1.1545227e-01   4.3794432e-01  -4.3058624e-01   1.5286560e+00  -1.6137774e-01
   1.0000000e+00   1.8489097e+00   2.1296501e+00  -6.1034353e-01   1.4538032e+00   1.0075381e+00   3.1802175e-01   1.8540129e+00   7.8990000e-01  -2.8621625e-02   9.3350298e-01
   2.0000000e+00  -2.2951991e-01   3.5912115e-01   1.9004459e-01   1.1105370e+00  -1.7356684e-01  -4.0128930e-01   9.7476540e-02  -4.7030828e-01  -2.1533480e+00   3.2776931e-01
   2.0000000e+00   7.8908995e-01   5.6371616e-01   9.2754672e-01   2.1155458e+00   1.1636138e+00  -1.4898623e+00   4.2107695e-01  -1.7009079e+00   1.6214518e-01  -6.4210055e-01
   2.0000000e+00  -8.4222748e-01   1.9514057e-02   6.4878025e-01   8.0801401e-01  -9.7865127e-01  -1.9422815e+00   1.4670446e-01  -7.8446820e-02   1.2796965e+00   1.3160394e+00
   2.0000000e+00   1.7809125e-01   4.8151351e-01   1.3329782e+00   1.3698390e+00  -1.2561181e+00   1.9076677e+00   8.2898228e-01   5.5002746e-01   2.1775484e+00  -6.8137233e-01
   1.0000000e+00   6.5094335e-01  -5.6441576e-01  -7.9070511e-01   1.9122932e+00  -7.1670181e-02   7.6132800e-01  -4.3077037e-02  -8.9461755e-01  -1.9504065e-02  -1.4440857e+00
   2.0000000e+00  -1.0698458e+00  -1.3832642e-01  -1.2114438e+00  -1.2638697e+00  -5.7522423e-01   3.7259392e-01   1.3308602e+00   1.4847733e-01  -1.2265119e+00  -8.1769284e-02
   2.0000000e+00  -3.6342152e-01  -1.0501138e+00  -2.7351553e-01  -1.7358615e+00   8.1644652e-01   2.8179909e-01   2.1486382e+00  -1.3153447e+00  -6.7811142e-02   4.4978658e-01
   2.0000000e+00   1.9048609e+00   8.3088948e-02   1.3108268e+00  -1.4117825e+00   4.3068918e-01  -1.0532441e+00  -8.3434136e-01   8.3509026e-02  -2.6057043e-01   1.0899166e+00
   2.0000000e+00   5.7126326e-01  -2.6409433e+00  -6.3430988e-02  -1.6860551e-01  -2.5263941e-01   1.0039250e+00  -8.0223348e-01   7.5422166e-01  -2.3249736e+00   1.2407617e-01
   2.0000000e+00   1.3054537e+00  -3.9725225e-02  -2.2788915e-01   1.2542320e+00  -9.4665936e-01  -3.0212532e-01  -5.9909925e-01   2.9706982e-01  -3.0634450e-01   5.3525223e-01
   2.0000000e+00  -1.3865781e-01  -1.7841726e+00  -1.1106160e+00  -6.1702532e-01  -5.2300465e-01  -2.3302717e+00   8.6109765e-01  -2.4434985e-01  -1.0993205e+00  -9.0209234e-02
   2.0000000e+00  -4.1633622e-01   8.7896342e-01   9.7942939e-01   8.9770352e-02   4.4740713e-01   1.1642913e+00   4.0493374e-01  -2.4519271e-01   3.1680411e-02  -8.0517709e-01
   1.0000000e+00  -1.6210410e-01  -6.5713642e-01  -6.2585819e-01   3.6756406e-01  -3.2802681e-02   8.0240437e-01  -2.1519310e-01   1.7120312e-02   1.0248906e-02   5.8409938e-02
   2.0000000e+00  -2.0798549e+00  -1.5274305e-01   1.1850644e+00  -4.9215146e-01  -1.1455895e+00   4.4409570e-01   3.1891068e+00  -3.4721755e-01   6.5555421e-01  -5.9694264e-01
   2.0000000e+00   9.9457298e-01  -1.7729345e-01  -4.2160003e-01   5.4427251e-01  -1.9522497e-01  -4.0511999e-01  -1.1493225e+00  -2.9801544e-01  -7.2727164e-01   1.7252357e+00
   1.0000000e+00   1.1734655e+00   8.2013049e-01  -6.4413397e-01   1.2581630e+00  -1.9642733e+00   3.4629535e-01  -9.5144384e-01   1.8939621e+00   6.5578962e-01  -2.5775077e-01
   2.0000000e+00  -3.2367371e-01   1.3756586e-01  -1.1605392e+00   4.6988623e-01   1.7006088e-01  -5.1534733e-01  -5.6981505e-01   5.6798938e-01  -2.4011310e+00  -3.6980003e-02
   2.0000000e+00  -4.0574242e-02   1.9322101e-01   1.2896189e+00  -5.2741359e-01  -8.2807777e-02  -5.3548924e-01   1.2472403e+00   2.4166710e-01   9.0196605e-01  -1.2721552e+00
   2.0000000e+00   2.6332863e-01   7.2405705e-01  -9.3762063e-02  -5.0929928e-01  -4.6408317e-01   1.6211205e+00   1.5807299e+00   1.4240744e+00  -1.0624330e+00  -1.4489314e+00
   2.0000000e+00   5.3529169e-01  -3.2993656e+00   7.7542823e-01   5.8162829e-01  -5.1264256e-03  -4.5828463e-01  -1.9506024e+00  -8.9217805e-01   2.3548522e-01  -5.0556272e-01
   2.0000000e+00  -1.9409313e+00  -4.0830214e-01   1.9754618e-01   4.4469123e-02   1.4690680e+00   2.4376152e-01  -1.0733432e+00   5.2454704e-01   9.8126429e-01  -1.3910226e+00
   2.0000000e+00   7.8117432e-01   3.2712693e-01  -1.1328945e+00  -2.6329793e+00  -1.9689449e+00  -7.3359955e-02  -1.5114099e+00   4.3648203e-01  -8.4958902e-01   1.8036726e+00
   2.0000000e+00   9.5186313e-02   6.9731052e-01   8.5885936e-01  -8.2483692e-01  -9.6849838e-01  -9.0977704e-01  -6.6575741e-01  -8.5189079e-01  -9.4022267e-01   5.2447834e-01
   2.0000000e+00   3.4845570e-01  -4.1416638e-01  -5.2772680e-01   4.9446597e-01  -7.9499269e-01   7.1937461e-01  -9.6054983e-01  -1.3489655e+00   9.5891238e-01  -4.1164957e-01
   2.0000000e+00  -8.7276271e-01  -1.7046452e+00  -1.3482585e+00  -8.3996992e-01   1.1847950e+00  -1.3986835e-01   5.0449985e-01  -4.2152397e-01   1.4303066e+00  -1.5661909e+00
   2.0000000e+00  -1.6569659e+00  -1.8391860e-01  -1.2550886e+00   9.3490488e-01   1.9581290e+00   1.4158087e+00  -6.1376659e-01  -1.4423414e+00   1.3371925e+00   1.8107626e+00
   2.0000000e+00   4.2732596e-01  -4.6856835e-01  -6.4585133e-01  -9.2939752e-01   5.9359639e-01  -1.9906097e-01  -2.4242725e-01  -5.4552524e-01  -9.6339039e-02   1.3596218e-02
   2.0000000e+00   1.3125174e+00  -5.7929607e-01  -1.1089173e-01   1.1695583e+00   4.9121369e-01  -1.8830508e-01  -1.3852826e+00   3.6245618e-01  -7.6854209e-01   1.0250699e+00
   2.0000000e+00  -5.8220615e-01   6.9407819e-01  -2.2810782e-01  -7.7175519e-01  -3.1604161e-01   2.0174496e+00  -9.1794787e-01   7.3510577e-02   1.5652353e-01  -7.3956499e-01
   2.0000000e+00   1.3287802e+00   1.7446535e+00   6.0762888e-01  -2.2152837e-01   8.6913453e-01  -1.3001824e+00  -3.0018449e+00  -1.7550764e+00   3.0858665e-01   1.7869376e+00
   2.0000000e+00   4.2453829e-01  -9.5508483e-01  -7.4993413e-01  -4.9143768e-01  -6.6853604e-01  -9.6791833e-01   6.5888615e-01  -2.2238241e+00  -4.8895447e-01   1.3630437e+00
   1.0000000e+00  -9.2625377e-01   1.1229288e+00   1.0933371e+00   9.0323999e-01  -9.1050675e-02   1.4710701e-01   2.5571928e-01  -2.7428813e-01   1.8737639e-01   1.8606420e+00
   2.0000000e+00  -3.1002483e-01   2.3985607e+00  -4.2860520e-01   9.4470035e-01  -5.8925460e-01  -1.6582107e+00   9.0631156e-01  -9.5820969e-01   2.0118961e-02   6.1683443e-01
   2.0000000e+00   5.5192754e-01   9.7789529e-01   1.0117373e+00  -2.2160116e+00   2.5091562e+00   9.3475900e-01   9.0222080e-01  -8.4542018e-01   2.4308044e-01  -3.2917207e-01
   1.0000000e+00  -5.0431534e-01  -9.4859850e-01  -2.7464353e-01   1.6183059e+00   4.3371106e-01   9.2043007e-02   1.7648140e-01  -1.0317352e+00  -6.6797641e-01   7.0700738e-01
   2.0000000e+00   7.3703906e-01   7.3883887e-01   2.8662968e-01  -1.4311645e+00  -1.5186182e-01   2.0301143e+00  -5.5525752e-01  -3.5159455e-01   1.8350631e+00   6.1490733e-01
   2.0000000e+00   9.7416808e-02  -8.1563236e-01   4.3507173e-01  -4.3796592e-01  -1.7257331e+00   8.7839461e-01   1.2687900e-01  -6.8997422e-01   6.3981889e-01  -1.4622351e+00
   1.0000000e+00   7.3472589e-02  -1.0606583e+00   1.8684634e+00   5.5736033e-02   2.9797790e-01   2.0449738e-02  -1.0068562e+00  -2.2978604e+00   3.5666721e-01  -1.2382171e+00
   2.0000000e+00  -3.6396305e-01  -3.3120566e-01   2.6631879e-01   4.7817915e-01  -1.6766701e-01  -1.8210339e+00   2.5975640e-02  -2.7832379e+00  -1.7487976e+00  -1.1253422e-01
   2.0000000e+00  -1.2553608e+00  -6.6949428e-01   6.6506295e-02   5.6872773e-01   3.8996565e-01  -3.6964369e-01  -1.2047191e-01   6.5035254e-02  -4.0957436e-01  -6.0123629e-01
   2.0000000e+00  -5.3728401e-01  -6.5944473e-01   3.6106415e+00  -8.7174648e-01   6.1758771e-01  -1.0039980e+00  -2.1285266e+00   1.4719200e+00  -5.2162519e-01   2.6567788e-02
   2.0000000e+00  -1.9656942e+00  -6.0059362e-01   1.5882908e+00   3.4579689e-02   9.0583189e-01  -1.2737512e+00   1.2179138e+00   5.9948268e-01   5.7947643e-01  -2.4193156e+00
   2.0000000e+00   4.2832252e-01  -5.3137273e-01  -7.1671829e-01  -2.6108474e-01   4.3061477e-01  -1.2262571e+00  -1.1648189e+00   2.3553698e+00  -3.7474467e+00   3.7591988e-01
   1.0000000e+00   5.1691647e-01   1.3671620e+00   1.2211417e+00   3.1240819e-01  -1.0390647e+00   7.9158310e-01   7.0766683e-01   5.2394208e-01  -2.2930829e-01   1.8164504e+00
   2.0000000e+00  -3.2170161e-01   1.0938273e+00   3.5067007e-01  -3.5647658e-01   2.5461866e-01  -3.6469094e-01   3.3406358e-01   5.7813432e-01   1.2941158e+00  -6.3893171e-01
   2.0000000e+00  -1.0837451e+00   9.8572913e-01  -1.2539570e+00  -6.0397475e-01  -1.0338969e+00  -5.6206794e-02  -5.6243808e-01   2.3324074e-01   6.1908110e-01   5.9456161e-01
   2.0000000e+00  -4.9544418e-01   3.1945678e-01  -2.6007898e-01   1.4192322e+00  -6.2932556e-01   9.7830262e-01  -1.2387592e+00  -1.1669976e+00   1.9765366e-01   5.3593240e-01
   1.0000000e+00  -2.7694290e-01  -2.2064245e-01   5.5776632e-01  -3.2937328e+00  -1.2170868e+00   7.3849051e-01  -4.7721558e-01   2.6648408e-01   2.7317596e-01   7.9096822e-01
   2.0000000e+00   2.8072897e-01   1.0720408e+00   5.8498364e-01  -2.5164484e+00   6.6190747e-01  -9.0542561e-01   1.4410722e+00   3.6328846e-01  -2.3447764e-01  -3.3044203e-01
   2.0000000e+00   4.3993368e-02  -1.5492701e+00   9.6434278e-01   1.8970274e+00  -5.6913312e-01   8.7450787e-01  -1.1496835e+00   1.4938535e+00   7.4669070e-01  -1.3350554e+00
   1.0000000e+00  -4.0979382e-01  -5.7170082e-01   5.9863428e-01   3.6420593e-01  -7.5015528e-01   1.7942671e-01  -6.9483062e-01   6.9885952e-01  -3.9462773e-01   6.9793777e-01
   2.0000000e+00   4.4690907e-01  -4.9977653e-02   3.1297956e+00   3.4846627e-01   1.6359179e-01   7.0034892e-01   6.1445359e-02  -5.9814279e-01   6.1203195e-01  -9.1551296e-01
   2.0000000e+00  -4.7553555e-01  -3.4230605e-01   1.6606881e+00  -7.0261910e-01  -1.0591594e+00  -1.7632310e+00   6.6931289e-01  -5.8948536e-02  -6.5244125e-01   9.5460265e-01
   2.0000000e+00   1.5893607e+00  -1.0499727e-01   1.2891826e+00   8.5479734e-01  -6.9909748e-01  -9.2231782e-01  -2.4517901e-01  -5.3348365e-02  -4.1302589e-02   7.2910447e-01
   2.0000000e+00  -1.2823148e+00  -1.9246983e+00  -2.2621140e-01  -1.6523037e+00   7.8485175e-01  -1.3208450e+00  -9.8291532e-01   1.3420558e+00  -7.5224889e-01   6.6633404e-01
   2.0000000e+00  -2.4811272e-01   2.7343642e-01   7.9963815e-01   6.5469905e-02  -9.1488955e-01  -1.3587816e+00  -2.1436873e-01   1.4969729e+00  -7.0865832e-01  -1.6569538e+00
   2.0000000e+00  -1.2749333e+00   6.6296185e-01   1.2944971e+00   5.2772964e-02  -7.0391438e-03  -1.2289141e+00  -7.1471825e-01  -3.7135417e-01   7.0001475e-01  -8.1343741e-01
   2.0000000e+00   1.4541266e+00   1.5454420e+00  -4.7849408e-01   9.6253905e-01  -1.3489551e+00  -1.8792796e-01   9.8880781e-01   1.1127218e+00  -2.0595972e+00  -4.5423097e-01
   2.0000000e+00   1.3624071e+00  -1.7369398e+00  -3.0258258e-02  -6.8289149e-01   2.6774131e-01   2.5018403e+00  -4.9977340e-02  -1.1145391e-01   4.1838278e-01   1.5000027e+00
   2.0000000e+00   2.9247732e-01  -9.5416886e-01  -1.2209778e+00  -7.1127047e-01  -7.0779279e-01   4.8212212e-02   2.3759214e+00  -3.8815722e-01  -1.0124134e-01  -1.3226789e+00
   2.0000000e+00   1.0742129e+00   2.5105198e-01  -1.3273492e+00   8.8618177e-01  -2.9884680e-01  -2.5364318e-01   3.6123111e-01  -1.9099433e+00   3.7784478e-01  -1.7267880e-02
   2.0000000e+00  -2.6595553e-01  -1.3408447e+00   1.7639226e+00  -7.7014887e-01  -4.9444468e-01   7.6915511e-01   1.9916191e+00  -1.5756790e+00   7.6145397e-01   4.7441715e-01
   2.0000000e+00  -3.6612813e-01  -3.5254435e-01  -3.1482537e-01  -1.5050944e+00  -1.1431313e+00  -1.5852450e+00   1.2533745e+00  -1.2447720e+00   2.8248758e-01   2.8939302e-01
   2.0000000e+00  -1.2682653e+00   3.0794332e-01  -2.3493888e+00   2.8842397e+00   6.0629611e-01   9.4266529e-01  -5.3373915e-01   9.5179537e-01   2.8111909e-01   3.8800824e-01
   1.0000000e+00  -9.1091998e-01  -6.0961705e-01  -6.8673960e-01  -6.4771072e-01  -6.7856360e-01   2.7907539e-02  -1.1085174e+00  -9.4621558e-01  -2.5904683e-01   7.8055073e-01
   2.0000000e+00   2.5213760e-01  -1.3929050e+00  -1.7507127e+00   9.2155627e-01  -7.8892590e-01  -7.7152474e-01  -9.0582695e-01  -1.6861200e-02  -1.5787239e+00   1.2981770e+00
   2.0000000e+00  -1.4835332e+00  -1.3513385e+00   4.3063920e-01  -4.4813537e-02   5.8851158e-01   1.3442661e+00  -4.4474028e-01   1.8804018e+00  -1.1066126e+00   1.7540495e-01
   2.0000000e+00   6.3202178e-01  -7.5589812e-01  -9.2012980e-01  -8.5123670e-02   6.0714805e-01   9.9888721e-01   1.4809989e+00  -9.9384541e-01   6.6936693e-01   2.9000680e-01
   2.0000000e+00   1.1088981e-01  -1.6410792e-02  -1.3747303e-01   1.0836054e+00   2.9691909e-01  -2.7608643e-01   5.1428708e-01   1.6266921e-01  -7.4343666e-01   1.1541460e+00
   2.0000000e+00  -3.1852246e-01  -2.4124548e-01   8.1435602e-02  -1.1648237e+00   8.4885192e-01  -6.0369377e-01   2.1075052e+00  -1.5785533e-01   1.2170123e-01   5.4067282e-01
   2.0000000e+00   2.4777708e-01   1.0916846e+00   4.3534679e-01  -4.9292675e-01  -1.3384626e+00   3.6116377e-01   2.6754359e-02   9.6544401e-01  -1.1660757e+00   1.9491556e+00
   2.0000000e+00   3.2471545e-01  -9.2372095e-01   7.1576663e-02  -1.4819061e+00  -8.4734410e-01  -1.1291386e+00   6.2969216e-01  -3.6426737e-01   1.2384961e+00  -1.3473362e+00
   2.0000000e+00   1.3075743e-01   4.3730109e-01   7.7641375e-01  -9.3258255e-04   5.6507979e-01  -1.1975357e+00   7.2026942e-01   2.8952064e+00  -9.9686668e-02  -2.1278196e+00
   1.0000000e+00  -6.2457797e-01  -1.1758522e+00  -6.7773311e-01   3.5360355e-01  -5.6499438e-01   1.6700240e-01  -1.2208410e+00  -7.2702632e-01   7.7369198e-01  -2.4492828e-01
   1.0000000e+00   2.8441029e-01  -7.9896486e-02  -3.2211817e-01   1.7212995e+00  -7.3121873e-01   4.5651516e-01  -5.0619349e-01  -1.5932853e+00   3.0380107e-02   2.9429863e-01
   1.0000000e+00  -5.6321539e-01   2.3608236e-03   6.5771443e-01   9.3986227e-01  -1.0026550e+00   9.2158516e-02  -2.4681569e-01   3.2891648e+00   8.0989227e-01  -1.8656707e+00
   2.0000000e+00  -9.7120283e-01   8.0441585e-01  -5.3583720e-01   4.2680138e-01   3.4342239e-02  -1.4542656e+00   1.8315677e+00   2.8328537e-01   5.4785962e-01  -9.0965563e-01
   2.0000000e+00  -1.4727787e-01   9.4216085e-01  -1.3576987e+00   2.1698380e-01  -7.3131284e-01   4.4887117e-01  -1.2582536e+00   2.6062142e+00  -1.3013246e+00   1.5248469e+00
   2.0000000e+00   9.4097536e-01  -1.9201469e+00  -3.9157729e-02  -7.1219501e-01  -1.1681517e+00  -2.1616682e-01  -5.8758190e-01   1.5629822e+00  -1.4783606e+00  -8.6873952e-01
   2.0000000e+00  -1.7563355e+00   2.0737259e-01   5.2067883e-01  -5.1894013e-01  -3.6509339e-01  -3.4784747e-01  -8.5587552e-02  -1.2660679e+00   7.1463463e-01  -8.3388726e-01
   2.0000000e+00   1.7202009e+00  -6.9928352e-02  -1.0627117e+00   1.4908248e+00   1.1801636e-01  -1.9051763e-01   9.0819430e-01   5.8012312e-01   4.3039225e-01   4.7247311e-02
   2.0000000e+00  -8.2391811e-01  -6.2150809e-01   6.7695020e-02   7.5735675e-02   8.4651659e-01  -1.0488235e+00  -1.6778842e+00   3.4950750e-01  -4.4735669e-01   2.1729519e-01
   2.0000000e+00   3.8905747e-01  -7.4626374e-01  -2.8161167e+00  -6.3594356e-01  -2.7764163e-01  -9.9245080e-01   6.1693302e-01  -7.1183329e-01   3.8963654e-01   1.7462562e+00
   2.0000000e+00  -5.5932511e-01  -7.1378701e-01  -7.2816416e-01   8.4248743e-01   1.2889916e+00  -4.9861909e-01   8.2873775e-01  -1.7993576e+00   4.8917697e-01  -1.9392019e-01
   2.0000000e+00  -8.1807090e-01  -1.7549872e+00   4.1431248e-02  -9.2311038e-02   2.2951473e-01   1.1323034e+00   5.7432058e-01  -4.7554695e-01  -6.6834917e-02  -7.4386984e-02
   2.0000000e+00   8.1204821e-01   3.5014777e-01  -1.5437733e-01  -1.1193574e+00  -9.9290235e-01  -2.1549513e-01   2.2836964e-01   1.1405569e+00  -1.8504091e-01  -1.3220745e+00
   1.0000000e+00  -1.1492473e+00   4.6296982e-01  -1.1112380e+00   9.5208791e-01  -7.8499738e-01   1.9638629e-01   8.1886668e-01  -1.0146082e+00  -1.6946206e-01  -1.0374409e+00
   2.0000000e+00   1.4237003e-01   9.0827167e-01  -5.2546085e-02   9.6492945e-01  -9.8004757e-01  -3.3528780e-02   1.1196180e+00  -2.8942035e-02   5.2684427e-01   1.3054730e+00
   2.0000000e+00  -1.3658668e+00   1.4410096e+00   5.3045490e-01  -4.9305041e-01  -3.7166252e-01   7.9818838e-01  -4.6909845e-01  -8.1212418e-01  -1.1587322e+00   5.5049850e-01
   2.0000000e+00  -1.5945599e+00  -1.2931096e+00  -8.6303538e-01  -2.4548740e-01   3.8145867e-01  -4.1843270e-01   1.9406465e+00   1.6195450e-01   1.2506956e-01   4.3244203e-01
   2.0000000e+00  -3.1342679e-02   5.2264772e-01  -5.8354939e-01  -1.8073900e-01  -1.0682927e+00  -1.0769914e+00  -5.0799380e-01  -1.0482794e+00   4.8043015e-01   1.2837095e+00
   1.0000000e+00   2.2706430e+00  -9.1559394e-01  -2.0574054e+00  -6.8621793e-01   8.5959579e-01   8.4801869e-01  -1.1064283e+00  -3.4731214e-01   1.4099023e-01   1.3638964e+00
   2.0000000e+00  -8.9484191e-01   6.0053376e-01   4.2156094e-01  -1.5126335e-01   3.9582700e-01  -7.0034527e-01   2.1394092e-01   8.8984540e-01   4.0242197e-01  -7.6528495e-01
   2.0000000e+00   5.0480094e-01  -3.1388709e-01   2.7731972e-01   4.7453766e-02   3.4575803e-01   1.1303435e+00  -6.1616823e-01  -1.3424164e-01  -1.5051368e+00  -1.4681519e+00
   2.0000000e+00  -1.1309518e+00   1.4735935e+00   1.1566753e+00   6.4392664e-01   8.8487748e-01  -1.1345131e+00   2.5491552e-01  -1.3893722e-01   8.1565692e-01  -1.3985335e+00
   2.0000000e+00  -6.7820884e-01   3.8382581e-01   5.2533137e-01  -3.1650344e-01  -3.8599034e-01  -6.8888004e-01  -2.5916084e-01   6.9187548e-01   3.1093977e-02  -7.5674851e-01
   1.0000000e+00   1.4812989e-01  -8.7675655e-01  -1.7125420e+00  -2.2712799e+00   2.4450284e+00   3.5276129e-01  -4.7645057e-01   4.3962637e-01   1.2938489e-02  -5.4450039e-01
   2.0000000e+00  -2.3020018e+00   7.4276932e-01  -2.1120491e-01   4.6904688e-01   2.7280965e-01   2.9318090e-01   2.0579431e+00   3.7095095e-01   6.1426698e-01  -1.6190602e-01
   2.0000000e+00  -8.6555580e-01   5.2315330e-01   8.2398858e-01   7.9294437e-01   1.1358784e+00  -1.2941776e+00   1.4393874e+00  -7.4755496e-01  -1.8766664e-01   4.4498512e-01
   2.0000000e+00   1.5690109e+00   5.3203438e-01  -1.7827883e-01   1.8687737e+00   7.7420059e-02  -1.0462462e+00  -1.0404526e+00   9.1312402e-01   3.0056316e-01   1.0974959e+00
   2.0000000e+00   1.0074021e+00  -5.7878992e-02   3.2869655e-01  -1.5903033e+00   1.1393260e+00  -7.0008070e-01  -1.5159923e+00   1.6516537e-01   7.2170517e-01  -8.2219768e-01
   2.0000000e+00   5.5019385e-01   3.4233758e-02   2.9962264e+00  -9.3542466e-01   1.1731198e-01  -5.4800392e-02   6.4112233e-01  -2.8531910e-01  -2.2421933e+00  -1.7835106e-02
   1.0000000e+00  -1.0661754e+00  -9.5450922e-01   5.6347721e-01  -4.6626636e-01   7.1300332e-01   7.3680162e-01  -1.3115221e+00   5.5469009e-01   2.5998566e-01  -5.5522420e-01
   2.0000000e+00   1.9260251e-01  -1.3950570e+00  -2.5967415e+00  -1.8361232e+00  -1.4139330e+00  -7.8865157e-01  -7.0897575e-01  -4.2878829e-02   1.4990483e+00   1.4427994e+00
   2.0000000e+00  -1.2667145e+00   1.7801753e+00   1.7152131e+00  -8.1261152e-01  -1.3190258e+00   1.2347821e+00  -1.0480828e+00  -1.1795745e+00  -1.3442262e+00  -1.3266025e+00
   2.0000000e+00  -5.7559319e-02   9.4170493e-01  -1.4372373e+00  -2.1917493e+00   1.4526954e+00  -3.7828782e-01   1.1337595e-02  -1.3870358e+00   9.8191637e-01   7.8587604e-01
   2.0000000e+00   9.9697095e-01   8.6207522e-01   2.6545748e-01   3.1799843e-01  -1.4867740e+00  -1.0995224e+00  -6.2832855e-01  -3.0539020e-01  -6.0106256e-01   4.7622143e-02
   2.0000000e+00  -2.5496814e-01  -8.0092668e-01  -1.1049004e+00  -4.5119386e-01  -5.2612243e-01   1.3870556e+00   8.0722510e-01   1.5926379e+00  -7.6532684e-02  -4.8585571e-01
   1.0000000e+00  -4.2081091e-01  -1.4789778e+00   1.1935038e+00  -7.8200664e-02  -2.0853907e+00   8.9502213e-02   1.8962725e+00  -2.8441083e-01  -6.4984805e-01   1.4410741e-01
   2.0000000e+00   5.0743131e-01   7.5971765e-01  -5.7107590e-01  -2.3286450e+00   1.7730023e-01  -6.7920965e-01  -9.1378316e-01   1.0687431e+00  -2.2506877e+00  -3.5248443e-01
   2.0000000e+00  -1.4032496e+00  -1.1353023e+00  -2.1987129e+00  -8.4853950e-01  -3.2238126e-01   1.5571444e+00   6.7143043e-01   3.2466918e-01  -6.6703752e-01   1.1066716e+00
   2.0000000e+00  -5.4360238e-01   5.7632416e-01   1.1204649e+00  -3.8157800e-01   8.6907476e-01   1.3159728e+00   9.8797262e-01  -1.3790494e+00  -6.9520693e-02   1.4844346e-02
   2.0000000e+00   9.7707657e-01   5.8722321e-02   2.4908049e-01  -2.1205771e-01   4.9011595e-02  -1.8188951e+00  -3.0164381e-01  -3.8570861e-01  -1.4535856e-01   9.3695515e-01
   2.0000000e+00  -3.6680653e-01   8.8437483e-02   1.6661114e+00  -1.8604128e+00   1.4400632e+00  -6.6914316e-01   8.3524651e-01   1.3662141e+00  -3.2914773e+00   1.1014897e+00
   1.0000000e+00   5.6057712e-01  -1.5374673e-01   6.2647960e-01   8.7360927e-01   8.9074649e-01   5.1104277e-01  -1.2361423e+00   3.4743252e-02  -3.0708487e-01  -1.6268601e+00
   2.0000000e+00  -2.7289028e-01  -3.4695585e-01  -1.4942856e+00   5.0027624e-01  -1.7337916e+00  -6.5779809e-01   1.6112550e+00   6.3813138e-01   8.8585337e-01  -1.1029683e+00
   1.0000000e+00   2.3638316e+00  -1.1665313e+00   9.3736726e-01   5.2807099e-01   1.2436357e+00   7.5138802e-01   1.2321102e+00  -1.1132716e+00   2.4966452e-01   1.1873920e+00
   2.0000000e+00   1.1001774e+00  -1.7055770e+00   2.3906603e-01  -9.6204206e-01  -5.6347598e-01  -1.7123882e+00  -1.0595941e+00  -1.2398726e+00  -7.9732801e-01   1.9508439e+00
   2.0000000e+00  -9.0381182e-01  -7.0657918e-01  -1.1234694e+00  -4.1481376e-01   6.7206238e-01   4.7914470e-01   2.0555047e+00  -4.8231762e-01  -3.3115992e-01  -5.3316923e-01
   2.0000000e+00  -5.1609653e-01   1.7111822e-02   3.1133080e-01  -5.2183868e-01  -2.7945936e-01  -1.3312277e+00   8.6350496e-02  -3.0472760e-01   9.8578489e-01  -6.5230539e-01
   2.0000000e+00  -2.3801985e+00   6.8626963e-01  -4.7560889e-01  -7.8113225e-01   3.3520266e-01  -4.4685984e-01   6.1953345e-01  -7.9369611e-02  -3.0003749e-01  -1.2016573e+00
   2.0000000e+00   8.2895306e-01  -1.0970639e+00  -9.2252576e-01   4.7470939e-01  -1.6112507e+00  -3.9964206e-01   1.7556491e+00   7.9321536e-01   4.5519989e-01   3.6341064e-01
   1.0000000e+00  -3.8113245e-02   8.7511383e-01   9.6795168e-01   2.7492201e+00   4.4467827e-01   3.8850692e-01   7.0002679e-01  -6.7560421e-01   5.3771563e-01   7.8248111e-01
   2.0000000e+00   1.3406810e+00   1.2876720e+00   8.9977226e-01   6.1263374e-01   1.5244408e+00  -5.9915941e-01  -1.0057662e+00  -1.2770589e-01   7.4617396e-01   1.5783663e+00
   2.0000000e+00  -1.8043556e-01  -2.7112171e-01  -5.8778682e-01   8.5552896e-02   1.2451914e+00   1.2774442e+00  -4.0728235e-01   1.8694313e-01  -2.8570510e-01   5.7348026e-01
   2.0000000e+00  -1.2368598e+00   7.5980396e-01   4.9345035e-01  -1.0565667e+00  -1.1004244e-01  -1.2503571e-01   1.3328690e+00   1.3262963e+00   3.7031237e-02   1.1441076e-02
   2.0000000e+00  -1.5067386e+00   8.9049139e-01  -5.6969170e-01   1.9011874e+00   9.3139592e-01   1.1164639e+00   1.2293194e-01   2.3977492e-01   4.2650826e-01  -4.3437474e-01
   2.0000000e+00   1.3431629e+00   8.1552085e-01  -1.2102874e+00  -1.2980162e+00   5.8408444e-01  -3.5944948e-01  -1.9316150e+00  -6.1028686e-01  -6.3752959e-01   1.7038089e+00
   2.0000000e+00   1.5635214e-01   4.1112582e-01   1.5672791e+00  -4.3431752e-02   1.6198849e+00   1.0698357e+00   5.1586155e-01   1.4365806e+00   1.0037617e+00   4.6260000e-01
   1.0000000e+00  -6.3035235e-01  -5.6131408e-01   1.8460839e+00   3.4659646e-01  -1.9165748e+00   4.6924369e-01   1.6953028e+00   5.2165690e-02  -6.6326135e-01   3.0663052e-01
   1.0000000e+00   6.1801921e-01   5.1394427e-01   6.4365180e-02   1.3025101e+00  -6.0092882e-01   1.5202487e-01  -1.2686197e+00  -1.1424850e+00  -4.0106036e-01  -1.1779646e+00
   2.0000000e+00  -1.0371653e-01   4.0141611e-01  -1.4311590e+00  -1.4893028e+00   1.1666015e-01   8.9519159e-01  -5.3047844e-01   1.8091921e-01   8.4504407e-01  -1.1396473e-01
   2.0000000e+00   2.3486114e+00   9.1077246e-01   1.1850322e+00   1.4081378e+00   2.0401875e+00   1.9318724e+00   6.6203423e-01  -1.2961993e-01   2.4947450e-01  -2.0170603e+00
   2.0000000e+00  -1.2631004e-02  -1.1293280e+00   1.4058869e+00  -7.8874654e-01  -5.1761382e-01   1.1693361e-01  -7.1888408e-01   8.5169471e-01   1.1061027e+00  -4.3830644e-01
   2.0000000e+00  -8.2907812e-01  -5.0151127e-01  -1.0928070e+00  -7.9925952e-01   7.7164512e-01  -1.8497885e-01  -1.4426038e+00   1.9135833e+00  -3.0402217e-01  -1.3050543e-03
   2.0000000e+00  -1.5980000e-01  -3.7962515e-01   1.5603682e-01   1.0799116e+00   6.7855041e-01  -1.1826679e+00   3.5069424e-01  -3.2772472e-01  -7.3885643e-01  -3.1377598e+00
   2.0000000e+00   1.0371610e-02   9.3877709e-01   1.1165077e+00   1.9763970e+00   7.7056827e-01  -4.4217672e-01  -2.0034853e+00  -1.2242303e-01   1.4765675e+00   2.1531935e-01
   2.0000000e+00   8.4025699e-01   1.3088264e-01   5.7930667e-01   8.0664669e-01   1.2772910e-01   2.3651768e+00   1.3002604e+00  -1.1974950e+00   5.9248257e-01   1.4291171e-01
   2.0000000e+00   6.3083733e-02  -1.9895919e+00   1.8814821e-01  -1.4777439e+00  -1.4589236e+00   1.0321942e+00  -2.7535459e-01   1.0246005e+00  -1.5231938e+00   1.6220734e+00
   2.0000000e+00   2.3353381e-01   7.3022120e-01  -5.3422183e-01   1.4799783e-01   1.5286932e+00   1.5098298e-01   7.8550328e-02  -3.2979945e-01   1.9820484e+00   1.1534241e+00
   2.0000000e+00  -4.5885740e-01   9.2788381e-01   9.7880261e-01  -9.5977121e-01  -7.6725899e-01  -1.7296977e+00   5.6713876e-02   1.1440970e+00  -1.0626699e+00   5.8473669e-01
   2.0000000e+00   4.3066115e-01   2.8506352e-01  -1.1516478e+00  -1.1897023e+00   1.2311580e+00  -5.7008545e-01   5.0882814e-01   1.0407449e-01  -3.6618901e-01   8.1277207e-01
   2.0000000e+00   5.3452889e-01   3.9571087e-01  -1.4075070e-01   1.0934859e+00  -7.0850175e-01   7.2914424e-01   5.6100189e-01  -6.8493166e-01   1.5263190e+00   2.1721183e-01
   2.0000000e+00   3.1074538e-01   5.2941499e-01   1.6092199e+00  -4.8237051e-01  -1.3958123e-01  -5.2843117e-01   2.1164791e+00  -2.1696891e+00   5.6973712e-01  -1.3501362e+00
   2.0000000e+00  -7.8004804e-02  -4.9263476e-01  -1.7877812e-01  -4.5774759e-01  -1.0459873e+00  -7.9967862e-01   8.7087983e-02   9.4051785e-01   1.6413012e+00   3.1150917e-02
   2.0000000e+00   5.2636552e-01  -6.1510251e-01   4.1571745e-01   5.7534147e-01  -1.3545011e+00  -3.4384537e-01  -6.2746353e-01  -3.2756692e-01  -5.9629992e-01   3.5615883e-02
   2.0000000e+00  -8.9511846e-01   4.3412438e-02  -3.7803173e-01   1.7117264e-01  -7.2309762e-03  -5.0805327e-01  -1.3516336e+00  -1.3687798e+00   1.7406763e+00  -7.8421267e-01
   2.0000000e+00   1.1670388e+00  -1.8919581e+00   1.1226855e+00   4.3186143e-01   4.0445791e-02   8.7789068e-01  -7.7142622e-01   9.2106052e-01   6.8458095e-01   1.8527317e+00
   1.0000000e+00   1.4668989e+00   1.0080618e+00  -1.7827385e-01   1.6328846e-01   1.7160033e-01   3.9339441e-01   1.2923647e+00  -3.2414268e-01   9.2942408e-02   1.3441145e-01
   2.0000000e+00   8.9274605e-01  -6.0123181e-03  -1.6830294e-01   5.2651486e-01  -1.4396702e+00  -7.7421062e-01  -8.6836004e-01  -6.3185895e-01  -7.0895308e-02  -5.3801184e-01
   1.0000000e+00   8.8849333e-02  -1.4761101e-01  -5.7135010e-01   5.1444535e-01  -6.8999416e-01   1.9310544e-01  -1.2405169e+00  -6.5581180e-01   4.5666886e-01  -1.2710759e+00
   2.0000000e+00   1.1861976e+00   5.7178202e-01   8.6836173e-01  -6.7987368e-02   6.1333474e-01  -5.8703586e-02   8.4658982e-01   1.3019602e+00   3.9144991e-01   4.4272332e-01
   2.0000000e+00  -1.2038523e+00  -1.6784588e-01  -1.4553939e-01   1.1825836e-01  -8.8604934e-01  -1.8356314e+00   5.9662304e-01   1.1731923e-01   4.8195577e-01  -9.9444094e-01
   2.0000000e+00  -3.2268268e-01  -3.0756358e-01   6.4948849e-01   3.8404404e-01   5.1645516e-01   7.1996237e-01   2.2550802e+00   1.1567981e+00  -3.6873510e-01  -5.1553484e-01
   2.0000000e+00   5.4848317e-01  -6.4998963e-01   3.0220535e-01  -1.7507757e-01   4.9300821e-01  -5.3928584e-01  -1.5110531e-01  -9.5555720e-01   4.5371094e-02  -3.6022544e-01
   2.0000000e+00   1.9763388e+00  -9.8828658e-01   6.0883654e-01  -9.6625437e-01  -1.0393086e+00  -2.3900569e-01   3.4357369e-01   1.2000012e-01  -3.3762005e-01   8.7046499e-01
   2.0000000e+00  -1.3982667e+00   5.7437959e-01  -9.3386225e-01  -1.1677070e+00   7.1693794e-02   2.8975067e-01   2.8240071e+00  -1.0138811e+00   8.0895730e-01   1.1113734e+00
   1.0000000e+00  -1.7466668e+00   6.1055319e-01   1.0909884e+00  -4.2349575e-01   2.4479663e-01   3.3367737e-01  -1.2024797e+00  -1.7059297e+00   3.5015129e-01  -5.3715122e-01
   2.0000000e+00  -1.3798862e+00  -6.8310885e-01  -5.4091882e-01   3.9487512e-01   2.1427088e-01  -1.2888428e+00   1.6520596e+00  -4.6746611e-01  -2.2048686e-01   7.7849600e-01
   2.0000000e+00   5.1198989e-01   1.0603632e+00  -1.6430233e+00   5.2376151e-01  -1.1960257e+00  -2.0240579e+00  -1.6850875e+00  -1.3324444e+00   1.1563475e+00   9.2816817e-01
   2.0000000e+00  -1.2358646e+00  -5.6584020e-01   4.6371805e-01  -2.2881274e+00   1.0956294e+00  -1.5320185e+00  -2.0382321e+00  -1.1489883e+00  -6.8049557e-01   7.8070107e-01
   2.0000000e+00   1.3359795e+00   4.4369130e-01  -1.8401799e+00   5.7872926e-01   1.0677333e+00  -7.6761153e-02  -9.9631206e-01  -6.9037730e-03   1.3694276e-01   2.9197940e-01
   2.0000000e+00   5.9134579e-01  -2.6502027e-01  -1.4953916e-01   1.1205600e+00  -1.7800081e+00  -1.8895399e-02   6.8408143e-01  -1.4608801e+00   8.9094719e-01   1.0194469e+00
   2.0000000e+00   2.5591229e-01  -2.2425514e-01   1.3276464e+00   7.2781015e-01  -3.7337938e-01  -1.1650024e+00   1.3224929e+00   1.3339141e+00  -2.3196420e+00  -3.2307056e-01
   2.0000000e+00   1.0436669e+00  -2.7172693e-01   1.2155810e+00  -7.7435505e-01   2.1767392e+00  -9.6036921e-01   1.0143849e-01  -3.5317867e-01  -1.9920418e+00  -7.3884134e-02
   2.0000000e+00  -2.8431222e-02  -2.1090639e-02   1.1887162e+00   1.0451215e+00   1.2009324e+00  -9.8499721e-02   3.3384603e-01  -8.7749416e-02  -6.1125620e-01   3.2535276e-01
   2.0000000e+00  -2.1738523e-01   4.6558276e-01  -1.6585008e-01   1.1805470e-02   4.6351929e-01   7.8927912e-01  -2.6873859e-01  -6.9159984e-01   1.9451481e+00  -5.1443783e-01
   2.0000000e+00  -3.9235380e-01   1.5575193e+00   5.1503249e-01  -3.7553451e-01  -3.7493875e-02  -1.1061191e+00  -1.2554313e+00   2.6742978e+00  -1.2143713e-01   6.8176662e-01
   1.0000000e+00   1.4722965e+00  -1.5764343e+00  -1.2731703e+00   1.0871738e+00   2.0700101e-01   4.9148003e-01  -6.4260554e-01   7.0307427e-01  -4.3453978e-01  -1.2387211e+00
   2.0000000e+00  -1.2336802e+00   1.4227442e+00   7.0260264e-01  -1.1837632e+00   1.5281800e-01   5.3858260e-01   1.6339780e-01   4.1832546e-01  -1.7951870e+00   1.0460064e+00
   2.0000000e+00  -4.5413376e-01   2.1793270e-01   1.3452126e+00  -3.5660646e-01  -1.4377273e+00   1.1196296e+00  -1.1674760e+00   4.1264841e-01  -9.2259649e-01  -3.2301353e-01
   2.0000000e+00   9.2951063e-02  -1.0457748e+00  -2.6851134e+00   4.5219427e-01  -1.9616154e-01  -1.3623258e+00  -1.2405414e+00  -1.7214292e-01   2.3700665e-01  -2.0623354e+00
   2.0000000e+00   7.5517770e-01  -6.2126445e-01   2.1835584e+00  -4.3594240e-02   1.6992053e+00  -1.6015096e+00  -7.0754474e-01   1.6457761e+00  -6.2491247e-01  -9.8596492e-01
   2.0000000e+00   2.5427916e-01  -7.7231529e-01  -9.0356754e-01  -1.1715081e+00   1.9837121e+00  -1.7010214e+00  -1.8082728e-02   1.1450940e-01   1.2179318e+00  -5.5056972e-01
   2.0000000e+00  -1.4205621e+00   3.0011038e+00  -2.1175012e-02   8.9957661e-01   7.8327231e-01   1.8376274e+00  -1.1383970e-02  -1.0377093e+00  -9.3727595e-01   1.5178898e+00
   2.0000000e+00  -8.2237056e-01  -1.0707893e+00  -1.5099759e-01  -4.2425016e-01  -2.6410503e-02  -1.0843242e-01  -6.7753363e-01   1.1610276e+00  -2.0381932e-01  -1.8220943e+00
   2.0000000e+00   8.4826661e-01  -6.7217414e-01   1.9739129e-01   1.3364209e+00   1.5402829e+00  -6.5829644e-01  -3.8662817e-01   1.1360195e+00   1.4751433e+00   1.0641644e+00
   2.0000000e+00   3.6659193e-02  -2.3456624e+00   9.0048073e-01   1.6655815e+00  -4.5704624e-01  -4.7171976e-01   2.1662278e+00  -7.3414163e-01   5.1265212e-01  -6.0013849e-01
   2.0000000e+00   1.0629085e-01   2.1576892e-01  -1.9089648e+00  -6.8941726e-01   1.0482644e-01  -9.0431164e-01  -5.0261391e-01   1.8372859e+00  -1.2718762e-02   1.0281991e+00
   2.0000000e+00   2.6652033e-01  -1.4495831e+00  -1.0364033e+00  -3.7590205e-01   1.1658653e+00  -1.2335672e+00   6.4420524e-02  -1.0563545e+00  -9.6905381e-02  -5.6182339e-01
   2.0000000e+00  -4.9179216e-01   2.1677466e+00   5.1999583e-01  -3.3573602e-01   8.1529738e-02  -5.5374641e-02   1.3602951e+00  -2.9177199e-01   1.6293112e+00  -1.6559300e+00
   2.0000000e+00   5.6555740e-01  -7.5929389e-01   1.3626397e+00   1.1823795e+00   1.8120456e+00   6.3473864e-01  -2.9721462e-01  -1.1583412e+00  -6.7617514e-01   4.3251976e-01
   2.0000000e+00  -3.4982507e-01  -7.9012852e-01   4.5976680e-01   3.3487851e-02  -9.8144068e-01  -6.4754296e-01  -9.3873416e-01  -4.2552509e-01  -1.7175237e+00   8.6569711e-01
   2.0000000e+00   9.1442790e-01   2.4241950e-01   4.3044197e-01   4.0091190e-01   3.7710095e-01   7.7967470e-01  -1.0797218e+00   1.9383074e-01  -6.3892921e-01  -9.2481840e-02
   1.0000000e+00  -4.4147484e-01  -4.1838855e-01  -4.3397903e-01  -9.2939859e-01  -1.5237973e-01   1.4134934e-01  -6.0626403e-01   2.5435543e-01   5.7403544e-01   9.5600727e-01
   2.0000000e+00  -1.5481517e+00   1.4233419e-01   1.1718021e+00   4.8210385e-01  -1.6596949e+00   3.4152320e-01  -1.1750588e+00  -6.1371107e-01   1.3079773e+00   4.8760419e-01
   2.0000000e+00  -9.1215766e-01  -8.7407171e-01   4.6288747e-01  -3.4172285e-01   4.1081293e-01   9.1369516e-01   6.0279932e-01   2.1699698e-01   6.0955319e-01  -1.5724641e+00
   2.0000000e+00  -9.8645915e-01  -7.3336141e-01  -2.4838207e+00  -1.3700241e-01   9.8273059e-01   1.9513545e+00  -1.5598285e+00  -2.4249862e+00  -1.4229046e-01  -1.8334994e-01
   2.0000000e+00  -1.2273024e+00   8.4561091e-01  -2.3221426e-01   5.2617483e-01   2.7569392e-01  -5.3853616e-01  -1.3814574e+00  -7.5492101e-01   1.8618921e-01  -8.8500006e-01
   2.0000000e+00   1.5604158e+00   3.7442079e-01   3.4613483e-01  -7.3803810e-01   1.3564014e-01  -1.0289371e+00   7.1283130e-01  -8.0497638e-01  -8.8340499e-01   4.1213881e-01
   1.0000000e+00  -1.4300015e+00   6.0645926e-01   2.5928975e-01   1.2779251e+00   2.1439465e-01   4.8095699e-01  -4.3196098e-01  -2.2538262e-01  -1.5292836e-01  -1.1069155e-01
   2.0000000e+00   8.4769379e-01   1.1799657e+00   7.8136108e-01  -1.2765380e-01  -1.2140784e+00   9.1776247e-01   1.5985826e+00  -1.2488574e+00   1.6285413e-01   4.2723820e-02
   2.0000000e+00   1.8435895e+00  -3.3486171e-01   1.4169813e+00   1.1635058e+00  -1.6861033e+00  -5.6449034e-01  -4.0989559e-01  -1.2119328e+00   1.8123158e+00  -1.9795279e-01
   2.0000000e+00   5.8214419e-01  -1.4534243e+00   6.5467351e-01  -3.2543411e+00   6.3042198e-03  -6.3392645e-02   4.8683269e-01  -1.7426388e+00   3.3690366e-01   6.5355192e-01
